10
28060.798968930998 8522.129249010672 8203.105414195732 8088.4113536007135 7940.566743653515 7882.89641384771 7882.896413847708 7837.132265926904 7735.798385217679 7735.798385217677 7735.798385217676 7685.014436341405 7598.4423409045385 7544.365901904092 7544.365901904088 7544.365901904087 7544.365901904083 7544.3659019040815
0.0 0.006215572357177734 0.007922649383544922 0.010443449020385742 0.01211094856262207 0.012372970581054688 0.01890110969543457 0.021378755569458008 0.0227200984954834 0.027871370315551758 0.04080080986022949 0.04426121711730957 0.04475212097167969 0.0611116886138916 0.06300473213195801 0.07490301132202148 0.1117558479309082 0.20476412773132324
27704.71362097486 8166.670753729257 8121.241475889412 8073.893950005521 7999.106750528461 7971.06317857614 7971.063178576138 7971.063178576136 7971.063178576135 7941.400123753693 7735.798385217683 7735.798385217679 7619.1531013811455 7619.153101381145 7619.153101381144 7544.365901904089 7544.365901904087 7544.365901904086 7544.365901904085 7544.3659019040815 7544.365901904079
0.0 0.00920867919921875 0.010016679763793945 0.013659238815307617 0.015031099319458008 0.01659536361694336 0.01683211326599121 0.019589900970458984 0.01979517936706543 0.02487635612487793 0.02608513832092285 0.027226686477661133 0.03313612937927246 0.03882026672363281 0.04479241371154785 0.06917548179626465 0.07374191284179688 0.08918452262878418 0.09519004821777344 0.2167067527770996 1.5712871551513672
30566.600044714654 8142.251761730522 8018.919086137886 8018.919086137878 8018.919086137877 7945.786053406209 7905.916404932841 7854.786436723432 7768.560360619714 7710.826460219716 7710.826460219715 7598.44234090454 7598.442340904536 7544.365901904089 7544.365901904086 7544.3659019040815 7544.365901904081 7544.36590190408
0.0 0.00865483283996582 0.011819124221801758 0.023428916931152344 0.03224611282348633 0.03876471519470215 0.040956735610961914 0.05021166801452637 0.05350089073181152 0.05698847770690918 0.05722761154174805 0.07997822761535645 0.08398985862731934 0.12183070182800293 0.12601900100708008 0.15289640426635742 1.795128583908081 2.2115139961242676
30745.650844075593 8294.494327051269 8290.13023208284 8070.22106019815 7777.332311275912 7777.332311275911 7735.7983852176785 7735.798385217675 7672.722651344807 7672.722651344806 7625.395209850419 7544.365901904089 7544.365901904085 7544.3659019040815 7544.36590190408
0.0 0.007269144058227539 0.007982015609741211 0.008740901947021484 0.010057687759399414 0.013564348220825195 0.0493621826171875 0.052072763442993164 0.0709538459777832 0.0755460262298584 0.07696676254272461 0.07840847969055176 0.08020210266113281 0.3903675079345703 1.0259928703308105
30711.362083694003 8457.925660342758 8399.03167287853 8399.031672878527 8194.814341408413 8036.101996021536 8036.101996021535 7992.001250002719 7903.935744467339 7849.395176892108 7794.701630985008 7759.8016358184595 7673.229540381599 7619.1531013811455 7544.36590190409 7544.365901904088 7544.365901904086 7544.365901904081
0.0 0.008015632629394531 0.011082887649536133 0.011550188064575195 0.01243734359741211 0.015459299087524414 0.022186994552612305 0.026216983795166016 0.03080892562866211 0.03282785415649414 0.035265207290649414 0.03738713264465332 0.038802385330200195 0.040027618408203125 0.041908979415893555 0.04500460624694824 0.045210838317871094 0.09888052940368652
31151.903446668875 7864.1551346583865 7790.171133565669 7789.874824218132 7789.87482421813 7789.874824218128 7619.153101381146 7619.153101381145 7619.153101381142 7619.15310138114 7544.365901904093 7544.365901904091 7544.365901904087 7544.365901904084 7544.365901904083 7544.365901904082 7544.3659019040815 7544.36590190408
0.0 0.010317802429199219 0.010904788970947266 0.016626596450805664 0.017171382904052734 0.0244143009185791 0.0263216495513916 0.02652573585510254 0.043447256088256836 0.04833984375 0.054283857345581055 0.055626630783081055 0.06006574630737305 0.10103201866149902 0.14879870414733887 1.2525200843811035 3.1435465812683105 4.246164560317993
31399.482100283712 8159.722347385901 8093.903780109258 8007.193031006092 8007.193031006086 7974.616253731682 7947.4252214955095 7925.920859493799 7925.920859493798 7888.0098179938495 7780.466851890542 7679.152496997886 7658.958320375774 7658.95832037577 7544.365901904088 7544.365901904087 7544.365901904084 7544.365901904082 7544.3659019040815 7544.365901904081
0.0 0.008804082870483398 0.010749578475952148 0.012840509414672852 0.018491268157958984 0.02456355094909668 0.02987217903137207 0.03156876564025879 0.03492164611816406 0.0379331111907959 0.04250955581665039 0.05500602722167969 0.062283992767333984 0.06413912773132324 0.06781554222106934 0.07662558555603027 0.08684158325195312 1.9937875270843506 2.5984699726104736 2.751732110977173
30824.14289455436 7899.14584650661 7899.145846506608 7799.606854813088 7799.606854813086 7685.014436341405 7685.014436341404 7673.2295403816015 7673.229540381596 7638.476074534793 7619.153101381144 7544.365901904088 7544.365901904087 7544.365901904084 7544.365901904082 7544.3659019040815 7544.365901904078
0.0 0.007535696029663086 0.017251253128051758 0.01796269416809082 0.019614219665527344 0.027423381805419922 0.03134727478027344 0.03603315353393555 0.036412715911865234 0.041029930114746094 0.044136762619018555 0.046837568283081055 0.047826528549194336 0.05037975311279297 0.10041069984436035 0.1551649570465088 1.7087104320526123
27101.196379534198 8360.054809030886 8300.899620741702 8300.899620741693 8160.6826117426335 7875.06315173277 7875.063151732769 7800.27595225572 7800.275952255718 7800.275952255716 7544.36590190409 7544.365901904086 7544.365901904083 7544.3659019040815
0.0 0.00988006591796875 0.015942096710205078 0.01938796043395996 0.02104330062866211 0.02919745445251465 0.038110971450805664 0.03975510597229004 0.04249000549316406 0.05086684226989746 0.06890106201171875 0.0780644416809082 0.1980147361755371 0.8278083801269531
27438.704083226767 8289.886152689234 8289.886152689229 8153.03739568747 8103.408091691324 8103.4080916913235 8103.408091691322 7805.368532347204 7799.34726348837 7799.347263488368 7799.347263488367 7788.075707495862 7707.2918867076005 7707.291886707599 7707.291886707596 7544.36590190409 7544.365901904088 7544.365901904086 7544.365901904084 7544.365901904081
0.0 0.006128787994384766 0.006345272064208984 0.009208202362060547 0.010259866714477539 0.010854721069335938 0.011063814163208008 0.013023853302001953 0.01372981071472168 0.014325380325317383 0.019769668579101562 0.027513504028320312 0.029947280883789062 0.031232595443725586 0.036468505859375 0.05578875541687012 0.06034088134765625 0.06265687942504883 0.11572885513305664 0.2986154556274414
