10
8980.918279329191 7995.285894245616 7903.770228771105 7903.770228771103 7903.770228771102 7903.7702287711 7887.226819194567 7873.274813623403 7873.274813623401 7873.274813623397 7859.91084608744 7859.910846087437 7859.910846087436 7859.910846087434 7800.275952255716 7800.2759522557135 7598.442340904547 7598.4423409045385 7544.36590190409 7544.365901904086 7544.365901904085 7544.365901904084 7544.365901904083 7544.365901904082 7544.3659019040815
0.0 0.023652315139770508 0.05838894844055176 0.07747888565063477 0.15019512176513672 0.2005476951599121 0.2984139919281006 0.4500617980957031 0.4574253559112549 0.46309900283813477 0.480104923248291 0.5152332782745361 0.5268979072570801 0.5537059307098389 0.5685503482818604 0.6066281795501709 0.6808598041534424 0.7059569358825684 0.7624235153198242 1.1615772247314453 1.4608795642852783 4.34053373336792 5.652149677276611 18.484721183776855 28.809464931488037
8980.918279329191 7995.285894245616 7995.285894245615 7908.290056463258 7870.332836520737 7735.798385217678 7735.798385217677 7544.365901904084 7544.365901904083 7544.365901904082 7544.365901904081
0.0 0.02359938621520996 0.05408787727355957 0.07120728492736816 0.0775139331817627 0.08612298965454102 0.19196248054504395 0.21090435981750488 6.031020641326904 16.01294732093811 19.055710792541504
8980.918279329191 7995.285894245616 7995.285894245615 7983.786188872121 7966.49955364511 7966.499553645102 7959.424472728316 7903.770228771102 7903.7702287711 7849.395176892106 7810.585584694739 7810.585584694736 7810.585584694733 7544.365901904095 7544.365901904089 7544.365901904088 7544.365901904085 7544.365901904083 7544.365901904082 7544.3659019040815
0.0 0.023509502410888672 0.041985273361206055 0.11885428428649902 0.13233518600463867 0.15230154991149902 0.19179415702819824 0.27137184143066406 0.3196828365325928 0.45159101486206055 0.5096580982208252 0.6047458648681641 0.6284079551696777 1.1231896877288818 1.2745027542114258 1.7213764190673828 1.7267565727233887 1.7320568561553955 10.847678184509277 42.33561873435974
8980.918279329191 7995.285894245616 7989.612185891169 7974.28549340452 7887.226819194565 7821.415763490347 7821.415763490342 7777.332311275913 7777.33231127591 7777.332311275908 7544.365901904091 7544.365901904089 7544.365901904088 7544.365901904087 7544.365901904086 7544.365901904085 7544.365901904084 7544.365901904083 7544.3659019040815
0.0 0.023675918579101562 0.09445023536682129 0.11894726753234863 0.18523073196411133 0.20282483100891113 0.20939898490905762 0.6223757266998291 0.6283056735992432 0.8258922100067139 1.5657434463500977 1.5815792083740234 1.7681443691253662 1.7755422592163086 2.0532562732696533 2.864145278930664 3.230137825012207 4.9437525272369385 7.894022226333618
8980.918279329191 7995.285894245616 7849.395176892107 7777.332311275914 7777.3323112759135 7777.332311275911 7777.332311275909 7619.153101381148 7619.153101381147 7619.153101381141 7619.15310138114 7544.365901904088 7544.365901904085 7544.365901904082 7544.365901904081
0.0 0.023519515991210938 0.032282114028930664 0.1793222427368164 0.1860501766204834 0.21921467781066895 0.6765143871307373 1.0421228408813477 1.0780160427093506 1.0918333530426025 1.1197612285614014 1.2677812576293945 1.534724235534668 6.644586563110352 40.72033071517944
8980.918279329191 7995.285894245616 7995.285894245614 7995.2858942456105 7951.5763154504475 7944.501234533663 7944.501234533662 7872.0715232084785 7872.071523208478 7797.2843237314255 7669.619657257464 7544.365901904088 7544.365901904083 7544.365901904082 7544.365901904081
0.0 0.02360248565673828 0.02808237075805664 0.10252189636230469 0.18309307098388672 0.21721744537353516 0.49268102645874023 0.5712218284606934 0.6188709735870361 0.6283791065216064 0.6345131397247314 0.7460472583770752 0.7953166961669922 13.493404388427734 30.32910180091858
8980.918279329191 7995.285894245616 7977.078011808069 7872.400167334287 7872.400167334282 7872.400167334277 7828.719577596676 7788.917609292904 7619.153101381141 7544.365901904089 7544.365901904088 7544.365901904084 7544.365901904081
0.0 0.023544788360595703 0.03851199150085449 0.1326580047607422 0.1377108097076416 0.1942441463470459 0.2352757453918457 0.2868843078613281 0.2992851734161377 0.39886951446533203 0.46878695487976074 0.537672758102417 0.9391722679138184
8980.918279329191 7995.285894245616 7544.36590190409 7544.365901904089 7544.365901904086 7544.365901904085 7544.365901904082 7544.365901904081
0.0 0.02366328239440918 0.10668492317199707 0.1755831241607666 0.3725602626800537 0.7807703018188477 1.5174896717071533 5.087114572525024
8980.918279329191 7995.285894245616 7791.6447726267215 7744.406856734517 7640.657463382857 7619.153101381149 7619.153101381146 7619.153101381142 7619.153101381138 7544.365901904083 7544.3659019040815
0.0 0.023607254028320312 0.0509800910949707 0.09227371215820312 0.1532588005065918 0.19185757637023926 0.23216009140014648 0.35607457160949707 0.4566490650177002 0.8443925380706787 5.230259418487549
8980.918279329191 7995.285894245616 7794.75761367137 7777.332311275911 7777.332311275908 7777.332311275907 7777.332311275906 7735.798385217673 7544.365901904088 7544.365901904087 7544.365901904086 7544.365901904084 7544.365901904083 7544.365901904081
0.0 0.023528099060058594 0.08921241760253906 0.09635090827941895 0.3239014148712158 0.9724795818328857 1.7371442317962646 3.633570909500122 3.8357250690460205 3.840806484222412 4.1175620555877686 4.613267421722412 8.176553010940552 11.988121032714844
