10
27754.392569905016 8179.4377653396705 8073.690800814068 8013.212797571011 7994.221968207741 7891.208704927351 7837.132265926903 7837.132265926902 7836.591763222137 7808.572808278879 7544.365901904089 7544.365901904088 7544.365901904084 7544.365901904083 7544.365901904081
0.0 0.1873307228088379 0.2315807342529297 0.3025624752044678 0.33008790016174316 0.3377573490142822 0.5550210475921631 0.5632739067077637 0.6835799217224121 0.7375519275665283 0.7776410579681396 0.7972745895385742 0.8915519714355469 11.115372896194458 24.08412194252014
28444.228489582907 8011.332737131378 8011.332737131372 7964.094821239163 7838.841065885789 7833.852993234589 7794.757613671367 7794.75761367136 7777.3323112759135 7777.332311275911 7777.332311275909 7777.332311275906 7544.36590190409 7544.365901904088 7544.365901904086 7544.365901904084 7544.365901904082 7544.36590190408
0.0 0.0903925895690918 0.09557390213012695 0.24416446685791016 0.2560265064239502 0.2922089099884033 0.304044246673584 0.31032490730285645 0.7047982215881348 0.7833867073059082 0.9448378086090088 0.961925745010376 2.5732810497283936 2.664834499359131 2.834840774536133 4.111904859542847 4.152641534805298 34.33029770851135
29033.70189384559 8593.091045952118 8244.362347147347 8123.278930891118 7945.8620365624165 7909.417477768176 7598.44234090454 7544.365901904088 7544.365901904087 7544.365901904086 7544.365901904084 7544.365901904082 7544.365901904079
0.0 0.062007904052734375 0.09583163261413574 0.1037435531616211 0.1237485408782959 0.19141173362731934 0.214752197265625 0.355942964553833 0.42407870292663574 0.7671041488647461 0.8086409568786621 2.449130058288574 4.035881757736206
28886.89728380699 7794.012197946592 7678.900353207149 7678.900353207148 7678.900353207141 7544.36590190409 7544.365901904089 7544.365901904088 7544.365901904086 7544.365901904082 7544.365901904079
0.0 0.08059144020080566 0.09079170227050781 0.09835100173950195 0.22654271125793457 0.634096622467041 0.7696409225463867 0.7750644683837891 0.9707851409912109 1.222719669342041 15.4926118850708
28307.991446325475 7921.360978883232 7921.360978883225 7921.360978883223 7897.742488389902 7865.302105918768 7865.302105918765 7865.302105918764 7854.3523912561695 7837.132265926905 7776.636704863591 7735.798385217678 7619.1531013811455 7598.442340904539 7555.401175071868 7544.36590190409 7544.365901904089 7544.365901904088 7544.365901904086 7544.365901904085 7544.365901904084 7544.365901904082 7544.3659019040815
0.0 0.10911870002746582 0.11815357208251953 0.12620162963867188 0.15495038032531738 0.1709918975830078 0.22285676002502441 0.3831899166107178 0.46892237663269043 0.4912867546081543 0.5430920124053955 0.5468103885650635 0.5901186466217041 0.6074299812316895 0.6288228034973145 0.7229986190795898 0.7705154418945312 0.7768566608428955 0.886120080947876 0.9697690010070801 1.003537893295288 12.994620323181152 36.087242603302
29640.94328994368 7735.798385217664 7544.36590190409 7544.365901904089 7544.365901904087 7544.365901904085 7544.365901904084 7544.365901904082 7544.3659019040815 7544.365901904081
0.0 0.1674184799194336 0.311246395111084 0.3146800994873047 0.32921934127807617 1.579261302947998 3.956794261932373 10.273134231567383 40.26835799217224 46.19552731513977
31518.740583107872 7918.090289264017 7918.090289264011 7918.090289264009 7900.664986868564 7900.664986868563 7883.958300424646 7883.958300424638 7837.132265926902 7837.132265926901 7836.59176322214 7836.591763222134 7789.874824218134 7666.001344777369 7544.365901904087 7544.365901904085 7544.365901904084 7544.365901904083 7544.365901904079
0.0 0.14183521270751953 0.14799737930297852 0.16359496116638184 0.22899150848388672 0.23624825477600098 0.27898526191711426 0.28961634635925293 0.4829697608947754 0.4994964599609375 0.5919365882873535 0.6111335754394531 0.6548423767089844 0.6918301582336426 0.8044753074645996 0.9261116981506348 3.0542376041412354 4.560823678970337 10.60489797592163
29768.858573957263 8012.463368320502 7938.267128354067 7938.267128354064 7932.748789769698 7915.32348737426 7777.332311275913 7777.332311275911 7777.332311275909 7777.332311275908 7598.442340904541 7598.442340904539 7544.365901904088 7544.365901904085 7544.365901904082 7544.365901904079
0.0 0.15581130981445312 0.16782855987548828 0.20052337646484375 0.21317386627197266 0.26441121101379395 0.3224647045135498 0.36295151710510254 0.4531209468841553 0.576862096786499 1.9734399318695068 1.979346752166748 2.1459782123565674 2.2866110801696777 3.248079299926758 15.258615732192993
31428.669227284863 8173.3320013832445 8173.33200138324 8061.094888305281 7938.6943819186245 7640.657463382856 7619.15310138115 7619.153101381148 7619.1531013811455 7619.153101381145 7544.365901904086 7544.365901904085 7544.365901904084 7544.365901904082 7544.365901904081
0.0 0.12005782127380371 0.13318419456481934 0.19381499290466309 0.23984694480895996 0.2953958511352539 0.3967471122741699 0.40175437927246094 0.4523298740386963 0.7052834033966064 1.0603206157684326 1.1787083148956299 4.116246700286865 8.653117179870605 19.008076429367065
28688.508682826076 8266.649158055394 8224.414741545814 8108.885572752965 7991.0104887361695 7919.273970617637 7919.273970617636 7864.898918738643 7864.898918738641 7862.971039345682 7862.971039345679 7859.910846087433 7859.910846087432 7777.332311275917 7777.33231127591 7777.332311275908 7777.332311275904 7680.29149158429 7669.256218416506 7669.256218416504 7669.256218416503 7619.946702906248 7598.442340904542 7598.442340904541 7598.442340904534 7548.992710024179 7544.365901904089 7544.365901904086 7544.3659019040815 7544.365901904081
0.0 0.09490060806274414 0.11416888236999512 0.12708377838134766 0.1326441764831543 0.13844776153564453 0.18021750450134277 0.23532533645629883 0.23900508880615234 0.28092050552368164 0.2856171131134033 0.30238914489746094 0.3593897819519043 0.3847348690032959 0.4090747833251953 0.8990280628204346 1.3196971416473389 5.587397813796997 5.590927362442017 5.597891807556152 5.637863636016846 5.923308849334717 5.929620027542114 5.933025598526001 5.938815593719482 6.592333793640137 6.74333119392395 6.748237371444702 7.385182619094849 20.841339111328125
