10
8980.918279329191 7969.135917086057 7969.1359170860505 7969.135917086049 7833.250593982814 7718.4531477804385 7718.453147780438 7718.453147780436 7684.582910903148 7678.90035320715 7678.900353207148 7678.9003532071465 7678.900353207145 7669.256218416506 7669.256218416504 7544.365901904092 7544.365901904086 7544.365901904083 7544.365901904082
0.0 0.0010700225830078125 0.006125688552856445 0.012556314468383789 0.014124393463134766 0.014992237091064453 0.015195131301879883 0.0191652774810791 0.03009939193725586 0.043228864669799805 0.051079750061035156 0.05386972427368164 0.06159329414367676 0.06354141235351562 0.06783509254455566 0.06928515434265137 0.07241559028625488 0.20048022270202637 0.41356492042541504
8980.918279329191 7969.135917086057 7969.135917086055 7969.135917086051 7799.606854813088 7780.593763249053 7780.593763249052 7658.958320375775 7658.958320375772 7544.36590190409 7544.365901904087 7544.365901904086 7544.365901904084 7544.365901904083 7544.365901904082 7544.3659019040815
0.0 0.00107574462890625 0.003560304641723633 0.01450347900390625 0.02070450782775879 0.02323293685913086 0.02761983871459961 0.03305387496948242 0.03426170349121094 0.0423431396484375 0.04900789260864258 0.08209538459777832 0.10744953155517578 0.20868897438049316 0.24397802352905273 1.5365395545959473
8980.918279329191 7969.135917086057 7969.135917086052 7969.135917086049 7896.1112120708885 7869.851446304019 7869.851446304016 7869.851446304012 7716.857573149661 7700.137236439032 7700.137236439027 7672.722651344804 7544.365901904089 7544.365901904088 7544.365901904085 7544.365901904084 7544.36590190408
0.0 0.0010814666748046875 0.0014858245849609375 0.030402660369873047 0.0337679386138916 0.034525156021118164 0.03612565994262695 0.04113006591796875 0.042107582092285156 0.04750847816467285 0.04859161376953125 0.07028484344482422 0.07837986946105957 0.09098672866821289 0.09170746803283691 0.09213829040527344 0.35435914993286133
8980.918279329191 7969.135917086057 7969.135917086054 7969.135917086052 7969.1359170860505 7952.592507509518 7749.967640440098 7672.722651344807 7606.9484435940485 7606.948443594047 7544.365901904087 7544.365901904086 7544.365901904082 7544.36590190408
0.0 0.0011022090911865234 0.0027878284454345703 0.015248537063598633 0.02194976806640625 0.027122974395751953 0.03152108192443848 0.03301525115966797 0.03460288047790527 0.041764020919799805 0.04576706886291504 0.05910634994506836 0.07863974571228027 2.246533155441284
8980.918279329191 7969.135917086057 7969.135917086051 7969.13591708605 7967.418503669356 7935.193653094462 7935.193653094457 7914.285897966435 7870.510654604221 7870.510654604219 7870.510654604218 7859.910846087439 7859.910846087434 7859.910846087433 7833.852993234591 7833.852993234586 7833.8529932345855 7833.852993234585 7833.852993234582 7794.757613671364 7794.7576136713615 7794.75761367136 7710.826460219717 7685.014436341398 7661.013272126166 7661.013272126165 7661.013272126162 7544.365901904088 7544.365901904086 7544.365901904085 7544.365901904083 7544.365901904082 7544.36590190408
0.0 0.0011098384857177734 0.005117654800415039 0.012612342834472656 0.01584172248840332 0.01894974708557129 0.02077007293701172 0.03032088279724121 0.031961917877197266 0.03740286827087402 0.03760981559753418 0.044007301330566406 0.05009174346923828 0.053006649017333984 0.056983232498168945 0.057190895080566406 0.07752346992492676 0.08651614189147949 0.08904218673706055 0.08983922004699707 0.09211111068725586 0.09270191192626953 0.09859681129455566 0.1002509593963623 0.1119539737701416 0.11339330673217773 0.12087082862854004 0.15551400184631348 0.16617846488952637 0.3258194923400879 0.4304938316345215 1.504875898361206 2.308431386947632
8980.918279329191 7969.135917086057 7969.135917086053 7733.7455198528305 7733.74551985283 7619.153101381144 7619.153101381143 7544.365901904082 7544.3659019040815 7544.365901904081
0.0 0.0011153221130371094 0.002332925796508789 0.0058362483978271484 0.00604248046875 0.007222414016723633 0.013615608215332031 0.09187173843383789 2.2866616249084473 2.79345965385437
8980.918279329191 7969.135917086057 7969.1359170860505 7890.529376094415 7802.508349972468 7759.212946119226 7678.900353207144 7544.365901904088 7544.365901904086 7544.365901904085 7544.365901904084 7544.365901904082
0.0 0.0011141300201416016 0.0018410682678222656 0.008596658706665039 0.012506484985351562 0.013618707656860352 0.01607990264892578 0.022889375686645508 0.024618864059448242 0.06539726257324219 0.3477761745452881 0.7334694862365723
8980.918279329191 7969.135917086057 7969.135917086048 7759.8016358184595 7544.365901904087 7544.365901904086 7544.365901904084 7544.365901904083 7544.365901904082
0.0 0.0010991096496582031 0.0044400691986083984 0.028125286102294922 0.03276562690734863 0.0420994758605957 0.1097712516784668 0.8084614276885986 1.433706521987915
8980.918279329191 7969.135917086057 7969.1359170860505 7944.793047712172 7916.606063050451 7916.606063050448 7810.433445835949 7810.4334458359435 7756.955922573881 7672.722651344811 7672.722651344808 7672.722651344806 7544.365901904087 7544.365901904086 7544.365901904085 7544.365901904082 7544.3659019040815 7544.36590190408
0.0 0.0011053085327148438 0.0033392906188964844 0.006367206573486328 0.010517358779907227 0.016664981842041016 0.018887042999267578 0.01942300796508789 0.02989506721496582 0.03495669364929199 0.03518986701965332 0.03582477569580078 0.03708648681640625 0.11104345321655273 0.14843153953552246 0.48902249336242676 0.6316790580749512 2.6800849437713623
8980.918279329191 7969.135917086057 7969.135917086052 7793.240347257494 7793.2403472574915 7619.1531013811455 7619.153101381144 7544.365901904089 7544.365901904087 7544.365901904086 7544.365901904084 7544.365901904082
0.0 0.0011141300201416016 0.0026607513427734375 0.009191274642944336 0.010836601257324219 0.013432502746582031 0.020920515060424805 0.032713890075683594 0.03345656394958496 0.03404355049133301 0.08193731307983398 0.3086855411529541
