10
8980.918279329191 7841.387787835105 7835.705230139102 7835.705230139101 7835.7052301390995 7749.880841657098 7749.880841657095 7749.880841657093 7749.880841657092 7658.958320375768 7544.365901904091 7544.36590190409 7544.365901904087 7544.365901904086 7544.365901904085 7544.365901904084 7544.365901904083 7544.365901904082
0.0 0.002355337142944336 0.003384828567504883 0.0056455135345458984 0.006657600402832031 0.027724266052246094 0.02873969078063965 0.036092519760131836 0.05089879035949707 0.05815696716308594 0.08488750457763672 0.08512258529663086 0.08818364143371582 0.09548115730285645 0.1254444122314453 0.23389887809753418 0.24362707138061523 0.8592069149017334
8980.918279329191 7841.387787835105 7841.387787835103 7763.7043114619955 7763.704311461995 7763.704311461994 7763.704311461992 7758.021753765995 7758.021753765994 7758.021753765993 7758.021753765992 7758.02175376599 7746.857297202832 7746.85729720283 7746.857297202829 7746.857297202828 7716.691047126052 7544.365901904091 7544.365901904088 7544.365901904087 7544.365901904084
0.0 0.002732992172241211 0.0035903453826904297 0.004988193511962891 0.006012678146362305 0.007679462432861328 0.009247779846191406 0.019343852996826172 0.021240234375 0.02150440216064453 0.02336883544921875 0.026441335678100586 0.05539131164550781 0.05781912803649902 0.06892871856689453 0.19490790367126465 0.29406285285949707 0.295133113861084 0.2982354164123535 0.3057239055633545 0.30659961700439453
8980.918279329191 7841.387787835105 7825.618125901086 7825.618125901085 7808.192823505638 7808.192823505635 7802.510265809636 7802.510265809634 7802.510265809631 7791.345809246473 7716.685877327631 7716.685877327629 7716.685877327628 7716.685877327627 7716.685877327626 7658.958320375774 7658.958320375772 7658.95832037577 7658.958320375768 7658.958320375767 7544.365901904088 7544.365901904087 7544.365901904086 7544.365901904085 7544.365901904084 7544.365901904082
0.0 0.0024771690368652344 0.00418400764465332 0.004428863525390625 0.005721330642700195 0.0067958831787109375 0.0088958740234375 0.011601924896240234 0.043634891510009766 0.07395219802856445 0.0791463851928711 0.0801844596862793 0.08286428451538086 0.11440348625183105 0.1288127899169922 0.19485783576965332 0.1950972080230713 0.19680047035217285 0.20141005516052246 0.22658681869506836 0.24260950088500977 0.24872589111328125 0.25840330123901367 0.2694284915924072 0.3785257339477539 0.39383411407470703
8980.918279329191 7841.387787835105 7841.387787835102 7763.7043114619955 7763.704311461995 7763.704311461994 7544.365901904091 7544.365901904089 7544.365901904087 7544.365901904086 7544.365901904085 7544.365901904084 7544.365901904083
0.0 0.002471446990966797 0.003969669342041016 0.00624394416809082 0.007086753845214844 0.00938272476196289 0.014636993408203125 0.014876842498779297 0.017182111740112305 0.03540444374084473 0.09665513038635254 0.09978628158569336 0.12299323081970215
8980.918279329191 7841.387787835105 7841.387787835104 7841.387787835102 7808.192823505637 7808.192823505636 7808.192823505635 7808.192823505634 7763.704311461994 7544.365901904091 7544.36590190409 7544.365901904086 7544.365901904085 7544.365901904083
0.0 0.002375364303588867 0.003645658493041992 0.004477977752685547 0.007510185241699219 0.009964704513549805 0.013028383255004883 0.015337228775024414 0.02877354621887207 0.03038477897644043 0.031213045120239258 0.033098459243774414 0.07278132438659668 0.4529399871826172
8980.918279329191 7841.387787835105 7824.540773575941 7824.54077357594 7824.540773575939 7749.880841657098 7749.880841657097 7749.8808416570955 7749.880841657095 7749.880841657093 7718.453147780439 7718.453147780434 7658.95832037577 7658.958320375769 7544.36590190409 7544.365901904088 7544.365901904086 7544.365901904085 7544.365901904084
0.0 0.002581357955932617 0.004709005355834961 0.004949331283569336 0.006831645965576172 0.018099308013916016 0.019176006317138672 0.02022075653076172 0.023064136505126953 0.030504226684570312 0.04228544235229492 0.043140411376953125 0.04708099365234375 0.06538176536560059 0.08166050910949707 0.08355307579040527 0.0916891098022461 0.14578890800476074 0.8601999282836914
8980.918279329191 7841.387787835105 7841.387787835104 7835.705230139102 7835.7052301391 7802.510265809635 7802.510265809633 7802.510265809631 7758.021753765995 7758.021753765992 7758.021753765991 7758.02175376599 7758.021753765989 7544.365901904091 7544.36590190409 7544.365901904089 7544.365901904087 7544.365901904086 7544.365901904085 7544.365901904084 7544.365901904083 7544.365901904082
0.0 0.002398967742919922 0.0044252872467041016 0.007857561111450195 0.008861064910888672 0.019763946533203125 0.02197408676147461 0.06565046310424805 0.07230544090270996 0.0746910572052002 0.07550334930419922 0.07772183418273926 0.09187030792236328 0.11426544189453125 0.11609435081481934 0.11879086494445801 0.11961650848388672 0.12387466430664062 0.2112560272216797 0.27680134773254395 0.3893578052520752 2.486400842666626
8980.918279329191 7841.387787835105 7841.387787835104 7841.387787835101 7835.7052301390995 7835.58110740263 7835.581107402629 7835.581107402622 7802.386143073161 7802.3861430731595 7802.386143073159 7793.617922144456 7544.36590190409 7544.365901904089 7544.365901904085 7544.365901904084 7544.365901904082
0.0 0.002460002899169922 0.0033762454986572266 0.005053043365478516 0.008425235748291016 0.019724130630493164 0.02079296112060547 0.021838665008544922 0.02376866340637207 0.0272519588470459 0.028942584991455078 0.0316777229309082 0.03589200973510742 0.03961920738220215 0.04067373275756836 0.4636046886444092 0.556591272354126
8980.918279329191 7841.387787835105 7841.387787835101 7835.705230139104 7749.551630961318 7749.551630961317 7742.6461717346 7742.646171734599 7598.442340904539 7598.4423409045385 7598.442340904538 7598.442340904537 7544.365901904088 7544.365901904086 7544.365901904085 7544.365901904084
0.0 0.002466917037963867 0.003335237503051758 0.006512880325317383 0.00937199592590332 0.029123544692993164 0.05379176139831543 0.07137465476989746 0.11472082138061523 0.11790180206298828 0.12610459327697754 0.13135623931884766 0.14928317070007324 0.1546463966369629 0.19793295860290527 0.5805776119232178
8980.918279329191 7841.387787835105 7841.387787835104 7841.387787835102 7799.510145653244 7799.510145653241 7793.827587957244 7793.8275879572375 7793.498377261463 7793.498377261462 7760.632623627774 7760.632623627773 7760.632623627772 7716.68587732763 7716.685877327629 7716.685877327628 7716.685877327627 7716.685877327626 7684.582910903152 7684.582910903151 7684.582910903149 7684.582910903147 7678.900353207149 7678.900353207147 7678.9003532071465 7678.900353207146 7544.365901904091 7544.36590190409 7544.365901904085 7544.365901904084 7544.365901904083
0.0 0.002493619918823242 0.003352642059326172 0.0042002201080322266 0.006467342376708984 0.007527828216552734 0.011077642440795898 0.011937379837036133 0.017987489700317383 0.018826961517333984 0.02193164825439453 0.023800134658813477 0.034110069274902344 0.03961062431335449 0.04068946838378906 0.05090808868408203 0.05402541160583496 0.13420724868774414 0.24515604972839355 0.24621343612670898 0.2470703125 0.24792051315307617 0.2531135082244873 0.256943941116333 0.2588310241699219 0.26383042335510254 0.26671791076660156 0.26695728302001953 0.2690730094909668 0.3400259017944336 0.5224792957305908
