10
29000.59007503926 8347.779879378724 8146.438171382028 8023.105495789377 8015.950845520805 7777.332311275911 7777.332311275909 7673.229540381597 7673.229540381594 7619.153101381145 7544.365901904085 7544.365901904084 7544.365901904083
0.0 0.12925505638122559 0.16794323921203613 0.19353365898132324 0.3835000991821289 0.584542989730835 0.6433911323547363 1.6185393333435059 1.715259075164795 2.020627975463867 2.1338093280792236 2.538369655609131 6.2126195430755615
29996.119986000285 7940.258296079433 7940.2582960794225 7940.258296079422 7893.020380187222 7777.332311275914 7777.332311275912 7777.33231127591 7544.365901904089 7544.365901904088 7544.365901904086 7544.365901904085 7544.365901904084 7544.365901904082
0.0 0.22547197341918945 0.24523186683654785 0.2871382236480713 0.3181283473968506 0.3664662837982178 0.37082600593566895 0.3884897232055664 0.4618339538574219 0.5193772315979004 0.7079708576202393 2.914703845977783 10.244064569473267 55.2063524723053
31539.19856926157 8471.05759250237 8427.110846202226 8037.175561409781 8037.17556140978 8037.175561409779 7766.976933356768 7766.9769333567665 7749.551630961323 7749.551630961318 7742.646171734603 7742.646171734601 7742.646171734599 7544.365901904089 7544.365901904088 7544.365901904086 7544.365901904085 7544.365901904084 7544.365901904083
0.0 0.13698077201843262 0.17356610298156738 0.25549817085266113 0.27553486824035645 0.32310032844543457 0.3977692127227783 0.5081050395965576 0.5808875560760498 0.5988261699676514 0.8364136219024658 0.923673152923584 1.0259816646575928 1.2076585292816162 1.2476129531860352 1.2980937957763672 3.8858838081359863 4.406126499176025 6.512643814086914
30907.203947534443 8197.763098568925 7814.774827799159 7814.774827799155 7733.74551985283 7733.745519852827 7619.153101381145 7619.153101381144 7619.153101381143 7544.365901904091 7544.365901904089 7544.365901904088 7544.365901904085 7544.365901904084
0.0 0.16310405731201172 0.2814006805419922 0.3523585796356201 0.44649410247802734 0.45957326889038086 0.4875609874725342 0.6450200080871582 0.721060037612915 1.980285406112671 2.0222811698913574 2.0299994945526123 2.3298592567443848 3.031092643737793
32343.628164583937 7625.395209850426 7625.395209850418 7544.365901904091 7544.365901904085 7544.365901904084 7544.365901904083
0.0 0.13553190231323242 0.16484689712524414 0.2024993896484375 0.25302958488464355 19.000447511672974 59.606048822402954
28895.509124377557 7808.898379200126 7791.473076804685 7791.473076804684 7716.685877327631 7716.685877327629 7716.685877327626 7544.36590190409 7544.365901904088 7544.365901904087 7544.365901904086 7544.365901904085 7544.365901904084 7544.365901904083
0.0 0.12938404083251953 0.6935703754425049 0.9975733757019043 1.30731201171875 1.3635618686676025 1.6116251945495605 1.6459367275238037 1.6663808822631836 1.6866743564605713 2.002513885498047 3.9645895957946777 9.841592073440552 42.16555857658386
29981.00126800923 8025.918497665549 8025.918497665544 8025.9184976655415 7744.406856734519 7723.696096257915 7544.3659019040915 7544.365901904086 7544.365901904085 7544.365901904083 7544.365901904082
0.0 0.16532325744628906 0.16867804527282715 0.19272971153259277 0.2765538692474365 0.4167187213897705 0.6655385494232178 0.6885988712310791 1.6763746738433838 3.148019552230835 4.7145726680755615
31561.70320576444 8143.440792514997 8126.294676510628 8106.633851257676 8106.633851257674 8003.419901173496 8003.419901173493 7859.910846087434 7794.757613671359 7794.757613671357 7777.332311275915 7544.3659019040915 7544.36590190409 7544.365901904086 7544.365901904085 7544.365901904084 7544.365901904083
0.0 0.18477892875671387 0.2059938907623291 0.23351597785949707 0.23952698707580566 0.3237738609313965 0.41293764114379883 0.48284029960632324 0.7007997035980225 1.1982896327972412 2.2707204818725586 2.3342125415802 2.3521859645843506 2.3985962867736816 2.9993162155151367 20.516032934188843 56.92979073524475
31061.617643423557 7816.427690839145 7661.013272126167 7544.36590190409 7544.365901904084
0.0 0.1369633674621582 0.16307926177978516 0.22250723838806152 0.26616525650024414
31271.822380453694 7619.153101381142 7544.365901904088 7544.365901904086 7544.365901904085 7544.365901904084 7544.365901904082
0.0 0.1934363842010498 0.6697773933410645 0.7607791423797607 1.919076681137085 9.929634809494019 29.861406326293945
