10
27809.479188524845 7939.503951599018 7939.207642251477 7939.207642251474 7933.525084555481 7933.525084555474 7845.895862612056 7845.895862612053 7760.071474130052 7760.071474130051 7760.071474130047 7734.111179723077 7734.111179723073 7716.685877327628 7716.685877327626 7716.685877327625 7606.94844359405 7606.948443594046 7598.44234090454 7598.442340904536 7544.365901904091 7544.365901904087 7544.365901904085 7544.365901904084 7544.365901904083 7544.365901904082
0.0 0.008475303649902344 0.008953332901000977 0.011876344680786133 0.014066696166992188 0.015103816986083984 0.018828630447387695 0.019866228103637695 0.026738405227661133 0.027812480926513672 0.03627204895019531 0.0675814151763916 0.0792853832244873 0.12477540969848633 0.15882062911987305 0.3081076145172119 0.7295064926147461 0.7305605411529541 0.7492125034332275 0.7549724578857422 0.7810697555541992 0.7821164131164551 0.8054237365722656 0.8114380836486816 0.8331615924835205 0.9651327133178711
29652.944680921722 8507.388395941678 8465.872780559304 8454.837507391527 8454.837507391523 8021.739089532297 8021.739089532294 7967.662650531845 7967.6626505318445 7967.662650531842 7920.424734639644 7920.424734639643 7920.4247346396405 7728.9922513260535 7728.992251326053 7728.992251326051 7544.365901904089 7544.365901904087 7544.365901904086 7544.365901904085 7544.365901904084 7544.365901904083
0.0 0.008321046829223633 0.010156631469726562 0.01139688491821289 0.011633157730102539 0.013250112533569336 0.014897823333740234 0.025105714797973633 0.02534341812133789 0.026189565658569336 0.0406949520111084 0.0415339469909668 0.04680514335632324 0.060761451721191406 0.06261134147644043 0.0644524097442627 0.06629037857055664 0.06652545928955078 0.07789468765258789 0.1221625804901123 0.17055773735046387 0.30404043197631836
30246.762049041965 8120.174705554127 7982.778292560063 7791.345809246473 7766.315181323775 7760.632623627776 7760.632623627774 7760.632623627773 7760.632623627772 7716.68587732763 7716.685877327626 7544.36590190409 7544.365901904089 7544.365901904087 7544.365901904086 7544.365901904084 7544.365901904083
0.0 0.009313344955444336 0.019267797470092773 0.02221536636352539 0.03302907943725586 0.03535294532775879 0.036771297454833984 0.03847193717956543 0.059117794036865234 0.0698540210723877 0.07368588447570801 0.17819690704345703 0.17925405502319336 0.1860816478729248 0.18798398971557617 0.23360395431518555 0.6663873195648193
30551.078360397587 8318.332092438122 8318.332092438113 8318.33209243811 7961.209025907471 7961.209025907467 7867.32440874976 7867.324408749758 7839.587080278476 7751.6647798656295 7710.826460219719 7710.826460219717 7710.826460219716 7710.826460219715 7710.826460219714 7606.9484435940485 7606.948443594048 7606.948443594046 7544.3659019040915 7544.36590190409 7544.365901904088 7544.365901904087 7544.365901904086 7544.365901904085 7544.365901904084
0.0 0.010810375213623047 0.011460304260253906 0.01272726058959961 0.015429019927978516 0.016293764114379883 0.018992185592651367 0.021111249923706055 0.022596359252929688 0.027641773223876953 0.028866052627563477 0.029921770095825195 0.0309598445892334 0.03202009201049805 0.033730268478393555 0.04038572311401367 0.04542899131774902 0.04842877388000488 0.05629420280456543 0.057367801666259766 0.06126046180725098 0.07447624206542969 0.08661842346191406 0.09853458404541016 0.10370135307312012
28834.545828944854 8309.167892869198 8309.167892869196 8309.167892869193 8290.286819194225 8290.28681919422 8261.177024881246 8261.177024881245 7979.472981664069 7979.472981664068 7968.957312468738 7968.957312468737 7968.957312468736 7967.675286975571 7776.242803661982 7776.24280366198 7733.745519852829 7733.745519852828 7733.745519852824 7619.1531013811455 7619.153101381145 7619.153101381143 7544.365901904091 7544.365901904087 7544.365901904086 7544.365901904083 7544.365901904082
0.0 0.008523702621459961 0.008769512176513672 0.011665582656860352 0.013705730438232422 0.014713287353515625 0.016551494598388672 0.017547607421875 0.02050304412841797 0.023352861404418945 0.025195598602294922 0.030062437057495117 0.04416155815124512 0.04976844787597656 0.05777859687805176 0.05801248550415039 0.06773877143859863 0.0695502758026123 0.07575821876525879 0.08199453353881836 0.08501148223876953 0.08602499961853027 0.16842174530029297 0.16865324974060059 0.1752912998199463 0.23249125480651855 0.9109530448913574
28487.036683800292 8170.604797276219 8170.604797276213 8170.604797276212 8170.604797276211 8170.604797276206 7998.4761174844125 7998.476117484411 7986.1531970719725 7981.240985187822 7981.2409851878165 7916.606063050452 7916.606063050448 7916.606063050445 7909.885631094028 7909.885631094026 7909.8856310940255 7718.453147780436 7544.365901904091 7544.365901904089 7544.365901904088 7544.365901904087 7544.365901904086 7544.365901904085 7544.365901904084 7544.365901904083
0.0 0.00912332534790039 0.009368419647216797 0.010409355163574219 0.0130767822265625 0.016591310501098633 0.021672964096069336 0.02865147590637207 0.05627036094665527 0.05874228477478027 0.05962204933166504 0.06680536270141602 0.07009720802307129 0.08002376556396484 0.11298489570617676 0.11568832397460938 0.11592626571655273 0.11697125434875488 0.1213068962097168 0.12214183807373047 0.1319258213043213 0.13274574279785156 0.1394822597503662 0.1695857048034668 0.18424344062805176 1.332427978515625
29408.18259698728 8263.899217935417 8145.6896099085125 8145.689609908512 8145.689609908507 7619.153101381147 7619.1531013811455 7619.153101381145 7619.153101381144 7619.153101381142 7619.153101381141 7619.15310138114 7544.365901904089 7544.365901904087 7544.365901904083
0.0 0.008855819702148438 0.013265371322631836 0.014291763305664062 0.020545005798339844 0.02562403678894043 0.026642560958862305 0.02969670295715332 0.0355684757232666 0.05806612968444824 0.12689757347106934 0.16923880577087402 0.21534514427185059 0.21738958358764648 0.22552847862243652
29774.47217678033 8224.634940595159 8224.634940595157 8167.079458509163 8167.07945850916 8167.079458509159 8167.079458509158 8076.246471849014 8076.246471849012 8059.721269391536 7960.552809350593 7960.552809350591 7916.60606305045 7916.606063050448 7850.390803689361 7658.958320375774 7658.958320375773 7658.958320375772 7658.95832037577 7658.958320375768 7658.9583203757675 7544.365901904088 7544.365901904087 7544.365901904086 7544.365901904085 7544.365901904084
0.0 0.009158849716186523 0.011035442352294922 0.014931678771972656 0.015791893005371094 0.0179135799407959 0.020868301391601562 0.03679060935974121 0.037032127380371094 0.04649043083190918 0.06447386741638184 0.10910701751708984 0.17412972450256348 0.1749868392944336 0.1802680492401123 0.1857595443725586 0.1868290901184082 0.1920773983001709 0.1931455135345459 0.19644951820373535 0.21404504776000977 0.2951641082763672 0.29717564582824707 0.29780030250549316 0.31497907638549805 0.4936180114746094
26832.564719192244 8680.372517139658 8611.91444789935 8086.858662017121 8086.858662017115 7957.128311352197 7957.128311352194 7937.467486099235 7937.467486099233 7910.409666372847 7831.340517445917 7831.340517445916 7831.340517445914 7756.553317968862 7756.553317968857 7718.453147780431 7544.3659019040915 7544.365901904091 7544.365901904086 7544.365901904085 7544.365901904084 7544.365901904083 7544.365901904082
0.0 0.008655071258544922 0.009699821472167969 0.011530399322509766 0.013180017471313477 0.01884627342224121 0.02238011360168457 0.026740074157714844 0.0328977108001709 0.17215633392333984 0.17319869995117188 0.18991756439208984 0.19455814361572266 0.19893598556518555 0.20082688331604004 0.39630937576293945 0.43230247497558594 0.43358802795410156 0.4351038932800293 0.4631977081298828 1.0691049098968506 1.2557594776153564 3.352668046951294
30428.92285476799 7998.762862690582 7998.76286269058 7998.762862690579 7998.762862690578 7544.365901904093 7544.365901904089 7544.365901904087 7544.365901904086 7544.365901904084
0.0 0.009717464447021484 0.00997161865234375 0.010821342468261719 0.011067628860473633 0.01313924789428711 0.014192819595336914 0.018979787826538086 0.02089405059814453 0.09202361106872559
