10
8980.918279329191 7877.112110822296 7877.112110822292 7848.128881672347 7848.128881672346 7848.128881672345 7848.128881672343 7544.365901904088 7544.365901904087 7544.365901904085 7544.365901904084 7544.365901904083
0.0 0.05648469924926758 0.07896256446838379 0.10560154914855957 0.18087506294250488 0.2088465690612793 0.2293226718902588 0.6169004440307617 0.6696045398712158 0.7198226451873779 2.4149250984191895 9.073347330093384
8980.918279329191 7877.112110822296 7870.206651595574 7870.206651595572 7832.142916371981 7832.14291637198 7832.142916371977 7826.460358675973 7826.460358675972 7820.160889521963 7598.4423409045385 7598.442340904538 7544.36590190409 7544.365901904088 7544.365901904087 7544.365901904085 7544.365901904084 7544.365901904083
0.0 0.05678272247314453 0.0806586742401123 0.09676170349121094 0.1138911247253418 0.13109374046325684 0.18613862991333008 0.20778131484985352 0.6602380275726318 1.0521128177642822 1.205533742904663 1.2331271171569824 1.3741207122802734 1.4685125350952148 1.5849671363830566 1.6679630279541016 6.278860569000244 13.624701023101807
8980.918279329191 7877.112110822296 7860.265096563133 7827.399342929439 7749.880841657095 7749.880841657093 7716.68587732763 7598.442340904543 7598.442340904541 7544.365901904089 7544.365901904088 7544.365901904087 7544.365901904086 7544.365901904084 7544.365901904082
0.0 0.05707955360412598 0.07618188858032227 0.1098182201385498 0.18191051483154297 0.40270256996154785 0.5351946353912354 0.820643424987793 0.8386986255645752 0.856351375579834 0.9716558456420898 1.1737589836120605 1.459791660308838 5.39460301399231 27.859745979309082
8980.918279329191 7877.112110822296 7871.429553126293 7871.429553126292 7871.429553126291 7838.563799492603 7838.563799492601 7838.5637994926 7544.365901904088 7544.365901904086 7544.365901904085 7544.365901904084 7544.365901904083
0.0 0.05669140815734863 0.08603930473327637 0.10196876525878906 0.2198643684387207 0.38408374786376953 0.472074031829834 0.498584508895874 0.8247718811035156 0.8702592849731445 0.9566195011138916 1.646454095840454 2.592639446258545
8980.918279329191 7877.112110822296 7877.112110822293 7870.004607516077 7669.256218416502 7544.36590190409 7544.365901904088 7544.365901904087 7544.365901904085 7544.365901904084 7544.365901904082
0.0 0.05672812461853027 0.07421374320983887 0.11631298065185547 0.26992177963256836 0.5643398761749268 0.6444542407989502 0.6887190341949463 1.1190943717956543 1.9813334941864014 18.50378441810608
8980.918279329191 7877.112110822296 7877.112110822291 7839.048375598699 7839.048375598697 7833.365817902698 7789.419071602552 7789.41907160255 7782.513612375836 7782.51361237583 7782.5136123758275 7776.214143221825 7776.214143221822 7776.21414322182 7776.214143221819 7746.857297202834 7746.857297202832 7746.85729720283 7746.857297202829 7714.483921619254 7669.256218416508 7669.2562184165035 7544.365901904088 7544.365901904087 7544.365901904085 7544.365901904084
0.0 0.05695509910583496 0.07328963279724121 0.10846567153930664 0.13239836692810059 0.20742201805114746 0.2529909610748291 0.27846622467041016 0.4825129508972168 0.5001013278961182 0.5843367576599121 0.6163074970245361 0.6377525329589844 0.6435277462005615 0.7196345329284668 0.8279736042022705 0.8454663753509521 0.8691563606262207 1.8121111392974854 2.6463382244110107 2.8129830360412598 2.8265039920806885 2.902927875518799 2.949512481689453 3.0217220783233643 4.1446006298065186
8980.918279329191 7877.112110822296 7870.206651595576 7716.685877327629 7716.685877327628 7544.365901904085 7544.365901904084
0.0 0.05707740783691406 0.08199048042297363 0.2216947078704834 0.4569213390350342 0.6437697410583496 1.6522912979125977
8980.918279329191 7877.112110822296 7877.112110822294 7800.665501369045 7800.336290673273 7800.336290673272 7800.336290673271 7793.430831446553 7793.4308314465525 7598.442340904538 7544.365901904091 7544.36590190409 7544.365901904089 7544.365901904088 7544.365901904086 7544.365901904085 7544.365901904084 7544.365901904083
0.0 0.05711102485656738 0.07497620582580566 0.12020254135131836 0.2573099136352539 0.571434497833252 0.583777666091919 0.6392769813537598 0.9415092468261719 1.0631182193756104 1.539222240447998 1.566391944885254 1.5904695987701416 1.6493220329284668 1.8028464317321777 4.553241014480591 11.37684154510498 14.584527254104614
8980.918279329191 7877.112110822296 7877.112110822294 7877.1121108222915 7860.265096563132 7853.359637336413 7831.281867413186 7831.281867413185 7831.281867413184 7831.281867413181 7669.256218416505 7669.256218416502 7544.36590190409 7544.365901904088 7544.365901904086 7544.365901904084 7544.365901904082
0.0 0.05667304992675781 0.060502052307128906 0.12320661544799805 0.2694993019104004 0.35221076011657715 0.5205421447753906 0.5524234771728516 0.5589010715484619 0.5747332572937012 0.6560602188110352 0.6754412651062012 0.7424461841583252 0.7983100414276123 0.8194167613983154 2.378154993057251 11.2336266040802
8980.918279329191 7877.112110822296 7871.429553126292 7796.119006211769 7758.021753765992 7758.021753765991 7746.857297202831 7746.85729720283 7544.36590190409 7544.365901904088 7544.365901904087 7544.365901904086 7544.365901904085 7544.365901904084 7544.365901904083
0.0 0.056926727294921875 0.07972383499145508 0.10234236717224121 0.11134004592895508 0.27618861198425293 0.3699791431427002 0.38219499588012695 0.42174506187438965 0.4444568157196045 0.7401530742645264 0.861222505569458 3.1737804412841797 7.720720052719116 8.936597347259521
