10
825.2423227277445 654.534880738095 645.4824772966062 644.5953689205028 644.5953689205023 644.091497116093 643.8811866464947 643.8811866464946 643.8811866464944 643.2935756340088 643.2935756340086 642.3551259454407 642.3551259454405 642.0834252053986 642.0834252053985 642.0834252053984 642.0834252053983 642.0834252053982 642.0313354374241 641.9130243894223 641.9130243894222 641.913024389422 641.0332475816689 640.2115908797616 640.2115908797612 640.2115908797609 640.2115908797607 640.2115908797606
0.0 0.23702096939086914 0.45081067085266113 0.9557023048400879 1.027294635772705 1.234135389328003 1.4003283977508545 1.604891061782837 1.6281352043151855 1.954991102218628 2.3891286849975586 3.5360801219940186 3.5804224014282227 3.922581195831299 4.112769603729248 5.800300121307373 8.118606090545654 9.841222763061523 109.45225286483765 110.83504605293274 111.08035087585449 111.13443922996521 111.68034934997559 112.83618593215942 112.84755635261536 113.14974045753479 113.1980459690094 116.9513692855835
825.2423227277445 654.534880738095 654.5348807380946 646.2366265428777 646.2366265428776 646.2366265428775 646.1757516337576 646.1757516337575 646.1757516337573 646.1757516337572 646.175751633757 645.8159414000004 645.5442406599592 645.5442406599589 645.5442406599587 645.5442406599586 644.8416127986035 644.4935005294006 644.4935005294002 644.4935005294001 644.4935005294 642.293735674997 642.2937356749969 642.0834252053986 642.0834252053984 642.0834252053983
0.0 0.23627471923828125 0.33998608589172363 0.4257016181945801 0.7375450134277344 1.7291052341461182 2.8393986225128174 2.849522590637207 3.551692247390747 9.273792743682861 42.28356170654297 45.76255536079407 51.291853189468384 51.38915657997131 51.88155508041382 52.42875599861145 56.42053532600403 58.11544060707092 58.521281719207764 62.76132416725159 68.33327770233154 81.89586520195007 82.14479994773865 87.28153657913208 87.57521176338196 87.75440502166748
825.2423227277445 654.534880738095 646.1757516337577 646.1757516337575 646.1757516337574 645.8159414000006 645.8159414000005 645.8159414000004 645.5442406599591 645.5442406599589 645.5442406599587 645.5442406599586 645.5442406599584 645.5229444402056 645.5229444402052 645.1748321710027 645.1748321710023 645.1748321710022 645.1748321710021 644.4935005294006 644.4935005294002 644.4935005294001 644.4717108158871 644.471710815887 644.4717108158868 642.2937356749976 642.2937356749973 642.293735674997 642.2937356749969 642.2937356749968 642.241645907023 642.2416459070229 642.2416459070228 642.0313354374246 642.0313354374243 642.0313354374242 641.4174904531429 641.4174904531428 640.5958337512353 640.5958337512349 640.5958337512347 640.5958337512345 640.211590879761 640.2115908797609 640.2115908797608 640.2115908797606 640.2115908797605
0.0 0.23908758163452148 0.32738351821899414 0.39285802841186523 0.6836345195770264 1.8850829601287842 1.9422426223754883 2.6337099075317383 8.582562685012817 8.888942241668701 8.956452369689941 15.703285455703735 23.11995553970337 25.32540273666382 25.488850593566895 26.067803621292114 26.07864499092102 26.131667852401733 26.420393466949463 26.525944471359253 26.913695096969604 27.529234886169434 30.311679363250732 30.77228307723999 30.8660249710083 31.863629817962646 32.136916399002075 32.39724659919739 33.82100749015808 34.150694608688354 34.43834686279297 34.796977519989014 35.250208616256714 37.91131567955017 38.54653573036194 38.723342180252075 51.09766411781311 51.3187460899353 51.456191301345825 51.49002504348755 51.75131845474243 52.9373242855072 61.35715079307556 61.52964949607849 61.94588565826416 62.01338529586792 118.7871584892273
825.2423227277445 654.534880738095 654.5348807380947 654.5348807380944 653.9125660134083 653.9125660134082 653.5527557796513 643.2422343215445 643.2422343215442 643.2422343215441 642.3551259454405 642.3551259454404 642.3551259454402 642.3551259454401 642.0834252053986 642.0834252053985 642.0834252053983 642.0834252053982 642.0313354374244 642.0313354374243 642.0313354374242 641.7549807532972 641.7549807532969 640.9333240513893 640.9333240513888 640.2115908797605 640.2115908797604
0.0 0.23904061317443848 0.27406930923461914 0.46317148208618164 0.9961316585540771 1.0999486446380615 1.2388668060302734 1.7884817123413086 2.0388331413269043 2.395468235015869 2.764688491821289 3.262075185775757 3.436133623123169 4.300799131393433 5.325903415679932 5.580408334732056 6.407904148101807 8.105261325836182 38.300291776657104 38.34096693992615 38.91290020942688 55.506542921066284 55.60728693008423 55.76685690879822 55.83160066604614 56.991745710372925 71.65875053405762
825.2423227277445 654.534880738095 654.5348807380949 649.7762739193083 649.7762739193082 649.7258415279409 649.7258415279407 649.6410614587371 649.6410614587369 649.6410614587367 648.5725443845124 648.5725443845122 648.5725443845121 648.5725443845118 648.188301513038 648.1883015130379 644.6990865279749 644.6990865279747 644.6990865279746 644.3509742587719 644.3509742587715 644.3509742587714 642.056323473455 642.0563234734547 642.0563234734545 642.0563234734544 640.4219013493597 640.4219013493596 640.4219013493594 640.4219013493592 640.4219013493591 640.2115908797612 640.2115908797608 640.2115908797607 640.2115908797605 640.2115908797604
0.0 0.2440648078918457 0.46227240562438965 0.6493573188781738 0.9015789031982422 2.0479791164398193 2.3074045181274414 6.209290027618408 6.443926095962524 6.905930042266846 8.623901128768921 9.03182578086853 9.176242589950562 9.4785737991333 9.882146835327148 10.432172536849976 10.706677436828613 11.09510064125061 12.50345516204834 12.703191757202148 12.761028051376343 13.1942138671875 13.491203546524048 14.114412069320679 31.175154209136963 73.26771330833435 80.67233419418335 81.21401524543762 81.58964467048645 82.51606917381287 89.04756569862366 89.46319127082825 89.62299180030823 91.80624294281006 92.34371423721313 111.9347083568573
825.2423227277445 654.534880738095 654.5348807380949 654.5348807380947 654.0653801878041 654.0653801878036 652.3850939023698 652.3850939023695 649.991820602293 643.9805718139033 643.5963289424294 643.5963289424293 642.7165521346765 642.7165521346762 642.7165521346761 642.716552134676 640.42190134936 640.4219013493596 640.4219013493595 640.4219013493592 640.4219013493591 640.2115908797612 640.2115908797609 640.2115908797607 640.2115908797606 640.2115908797605
0.0 0.23950600624084473 0.29468202590942383 0.32751917839050293 0.5584616661071777 0.6119577884674072 1.0914733409881592 1.1794562339782715 1.801426649093628 1.9821631908416748 2.109278440475464 2.201502799987793 2.284644603729248 2.326047658920288 3.3486931324005127 3.498598337173462 6.334587335586548 6.345781326293945 6.391708612442017 7.259985685348511 10.287057876586914 10.610608100891113 10.749178409576416 11.030580282211304 17.50446343421936 32.86236047744751
825.2423227277445 654.534880738095 654.5348807380947 646.2366265428781 646.2366265428777 646.2366265428776 646.2366265428774 646.1757516337581 646.175751633758 646.1757516337574 646.1757516337572 645.5086120685229 645.5086120685222 645.5086120685221 643.2139612832054 643.2139612832053 642.8658490140025 642.8658490140023 642.8658490140022 642.4405663449293 642.4405663449289 642.0563234734551 642.0563234734549 642.0563234734548 642.0563234734547 642.0563234734545 642.0563234734544
0.0 0.2358698844909668 0.2686028480529785 0.3493819236755371 0.4762403964996338 0.8686649799346924 1.4697349071502686 2.183246374130249 2.1946537494659424 2.2399191856384277 3.005146026611328 20.691974878311157 20.7368643283844 21.432251453399658 22.023094177246094 22.394646406173706 23.020360708236694 23.44779920578003 24.151952266693115 40.86188578605652 40.96923613548279 41.391695499420166 41.42371463775635 42.003840923309326 43.53579115867615 50.41744256019592 88.05852723121643
825.2423227277445 654.534880738095 654.5348807380948 646.2366265428775 646.2366265428774 646.2366265428773 646.1757516337576 646.1757516337575 646.1757516337573 646.1757516337572 646.0562367802543 646.056236780254 645.8380384954506 645.4921508919849 645.4921508919848 645.4921508919847 645.1112886764258 645.1112886764256 645.1112886764251 644.0228899337728 644.0228899337727 642.4044357426583 642.404435742658 642.0563234734553 642.0563234734549 642.0563234734548 642.0563234734547 642.0563234734545 642.0563234734544
0.0 0.23868799209594727 0.5489838123321533 0.7062232494354248 2.6708016395568848 13.891198635101318 15.18115496635437 15.239466190338135 15.452150344848633 18.588664293289185 42.199644804000854 42.465415239334106 42.98410964012146 43.01746082305908 43.13259696960449 43.418856382369995 43.65909457206726 43.67157316207886 43.96976590156555 44.99576187133789 45.14766478538513 46.14063596725464 46.263741970062256 46.31807255744934 46.4646520614624 46.6864538192749 47.70312023162842 48.47287464141846 90.51359415054321
825.2423227277445 654.534880738095 649.7762739193084 649.776273919308 649.7762739193079 649.7153990101881 649.715399010188 649.7153990101878 648.9301215149238 648.9301215149236 648.881662101573 648.8816621015729 648.8816621015727 648.5445974513538 648.5445974513536 648.5445974513535 648.4250825978504 646.0562367802544 645.8159414000004 645.4350791844419 645.4350791844415 645.1133135386457 645.1133135386453 645.0869669152386 645.0869669152381 644.8152661751964 644.8152661751963 644.4935005294005 644.4935005294003 644.4935005294002 644.4935005294 642.2937356749973 642.2937356749972 642.293735674997 642.2937356749969 642.2937356749968 642.2937356749967 642.0834252053988 642.0834252053985 642.0834252053983 642.083425205398 642.0313354374249 642.0313354374244 642.0313354374243 642.0313354374242 642.0313354374241 642.031335437424 641.8427731222165 641.8427731222164 641.0211164203084 641.0211164203082 641.0211164203081 640.211590879761 640.2115908797609 640.2115908797608 640.2115908797607 640.2115908797606 640.2115908797605 640.2115908797604
0.0 0.2381596565246582 0.49261999130249023 0.6226303577423096 5.747099161148071 8.546267747879028 9.862228870391846 11.77309274673462 14.287228345870972 14.691522121429443 15.502478837966919 15.547546148300171 15.607824087142944 16.44653296470642 16.608009576797485 17.05241346359253 18.64739203453064 20.420981645584106 20.81339120864868 21.772916078567505 21.892659902572632 22.010927200317383 22.124796152114868 22.374688625335693 22.406408309936523 22.504061937332153 24.637571334838867 29.780113220214844 30.01037883758545 30.083569288253784 30.400439262390137 33.960026264190674 34.34842824935913 34.715126276016235 39.02457118034363 42.24488615989685 43.927870988845825 45.897716760635376 46.03402543067932 46.96043920516968 48.63516879081726 59.69459128379822 59.90557336807251 59.96575164794922 60.164968729019165 62.46281957626343 67.44465065002441 78.32461261749268 78.57326650619507 78.67097854614258 78.76447463035583 81.30163550376892 83.08606886863708 83.13852667808533 83.18328547477722 83.46108508110046 84.47462797164917 92.38168382644653 117.79395151138306
825.2423227277445 654.534880738095 652.3850939023694 646.7289530377792 646.3737368204748 646.3737368204746 644.7895230306295 644.7895230306294 644.7895230306293 644.7895230306292 644.7631764072224 644.763176407222 643.6747776645698 643.6747776645697 643.6747776645695 643.6747776645694 641.8300450708757 641.8300450708755 640.2115908797608 640.2115908797607 640.2115908797605
0.0 0.237823486328125 0.5903604030609131 2.4854836463928223 2.7136356830596924 4.480757713317871 6.66440224647522 6.691673755645752 6.753117799758911 8.407690525054932 12.286427974700928 12.637948036193848 18.291637659072876 18.336551666259766 18.791929960250854 18.952702522277832 21.14057755470276 21.567249298095703 22.4660964012146 24.613063097000122 26.609522342681885
