10
3420.4276105006493 667.9082189815374 667.2184947925085 667.2184947925081 667.218494792508 664.6996563233287 661.0836271731814 661.0836271731813 659.6708402514827 658.662772067915 658.6627720679147 657.936500524343 653.1653632462234 652.8194756427575 652.8194756427574 650.1527319535898 650.1527319535895 650.1527319535892 648.5637112489347 648.5637112489342 646.4463411670472 646.4079858990397 646.4079858990392 646.355505183246 646.3555051832459 646.3555051832458 645.7029000143215 644.3604945040053 644.3604945040051 644.3604945040049 644.3604945040047 644.3604945040046 644.2952878083614 643.5313557858616 643.5313557858614 643.5313557858613 640.2115908797613 640.2115908797609 640.2115908797608 640.2115908797607 640.2115908797606 640.2115908797605 640.2115908797604
0.0 0.7663328647613525 0.8086793422698975 0.8895621299743652 0.979832649230957 1.2857632637023926 1.3668766021728516 1.4368515014648438 1.6757299900054932 2.1770260334014893 2.226740837097168 2.9289116859436035 3.2061080932617188 3.5686194896698 4.01877498626709 4.903353929519653 5.261815309524536 5.789290189743042 6.050240993499756 6.113127946853638 6.228063344955444 6.277693271636963 6.388731241226196 9.560206651687622 10.422083854675293 13.436010837554932 13.691157579421997 15.146920680999756 15.467036962509155 15.849911212921143 16.13224768638611 17.183192014694214 19.985580444335938 20.18121361732483 20.271480798721313 20.6918363571167 20.928182363510132 20.989341259002686 21.037773609161377 21.411675930023193 22.37433934211731 24.302648067474365 66.10145783424377
3481.365251092197 689.7599060928687 674.819748648595 674.8197486485949 656.8992042783582 656.8992042783581 656.899204278358 656.1352722558581 656.1352722558578 655.2193309742559 652.3668974751131 652.366897475113 652.3668974751128 649.6537746421801 649.6537746421799 649.6537746421798 648.8321179402719 648.8321179402717 648.8321179402716 648.8321179402715 647.8240497567036 646.9794507463321 646.9794507463316 645.2804010658 645.2804010657999 645.2804010657995 640.4219013493598 640.4219013493597 640.4219013493595 640.4219013493594 640.4219013493592 640.4219013493591 640.2115908797613 640.2115908797607 640.2115908797605
0.0 0.6478562355041504 0.8466334342956543 1.0040168762207031 1.207672357559204 1.2644002437591553 1.468637228012085 1.5307588577270508 1.5926153659820557 2.280808448791504 2.3817853927612305 2.4219987392425537 2.4634506702423096 2.5875062942504883 2.7249741554260254 3.0045716762542725 3.147071599960327 3.226853132247925 3.666476249694824 3.8775219917297363 5.770783424377441 6.302968263626099 6.513437986373901 6.825544357299805 6.871227741241455 6.903489589691162 7.2919628620147705 7.421255111694336 7.433103799819946 7.5944578647613525 13.188684463500977 13.399747610092163 45.964999198913574 46.13021492958069 50.79153919219971
3478.546870870833 673.4350190367722 673.435019036772 673.21574379569 673.2157437956898 673.2157437956894 673.215743795689 671.0573630486529 663.7311905609639 663.7311905609636 663.5033109977884 663.503310997788 663.5033109977878 663.5033109977877 663.1815453519923 663.1815453519919 653.0921390274443 653.0921390274439 649.0059201303152 649.005920130315 648.957460716964 646.688923964394 645.8793984238466 645.8793984238463 645.1199990666827 645.1199990666826 645.1199990666825 645.1199990666823 645.1199990666822 643.7416662554599 640.4219013493594 640.421901349359 640.211590879761 640.2115908797606 640.2115908797605
0.0 0.7501049041748047 0.8055264949798584 0.9447789192199707 1.0651443004608154 1.129131555557251 1.226414680480957 1.2990059852600098 1.454411268234253 1.5592930316925049 2.1889166831970215 2.313955783843994 2.3266704082489014 2.3855440616607666 2.445594549179077 2.508167028427124 3.054549217224121 3.143383264541626 3.5824697017669678 3.801588535308838 4.74873423576355 5.973266124725342 6.066034317016602 6.183334112167358 6.205358266830444 6.470695495605469 7.556045770645142 8.27870774269104 8.9315824508667 15.82505750656128 16.18164324760437 17.148789644241333 36.77947688102722 36.824177265167236 40.762064933776855
3485.4771799840855 664.8540264290688 660.3857333626943 659.1673584296865 654.2446475262967 654.2446475262966 654.2446475262965 651.223225969986 651.2232259699855 651.2232259699854 651.2232259699849 651.0129155003867 651.0129155003866 645.5044332185706 645.5044332185704 645.5044332185701 645.50443321857 645.5044332185697 645.5044332185695 643.2097824332535 643.2097824332533 643.2097824332532 643.209782433253 643.2097824332529 642.4458504107531 642.4458504107528 642.4458504107527 642.4458504107524 640.2115908797606 640.2115908797605
0.0 0.7032167911529541 1.3690717220306396 1.7274227142333984 2.2542800903320312 2.4439024925231934 3.314650297164917 3.8354861736297607 3.905726432800293 3.9618899822235107 4.549797773361206 4.87188982963562 4.883262634277344 5.070445537567139 5.13865852355957 5.204671621322632 5.28926157951355 6.08200216293335 6.582101821899414 8.045857429504395 8.094199895858765 8.58452033996582 9.458491802215576 9.915311336517334 15.406328916549683 16.068427324295044 24.0691237449646 41.100491762161255 55.611703872680664 75.54203629493713
3498.191283070032 663.8517091899566 663.8517091899556 663.851709189955 650.9894330254625 650.9894330254624 650.168407171521 650.1684071715208 650.1684071715205 646.6868653335322 646.6868653335318 646.6868653335316 645.9605937899601 645.96059378996 645.9605937899598 643.8811866464948 643.8811866464944 643.8811866464943 642.3551259454404 642.3551259454402 642.3551259454401 642.0834252053987 642.0834252053985 642.0834252053983 642.0834252053982 642.0313354374246 642.0313354374243 642.0313354374242 642.0313354374241 641.8427731222165 641.0211164203084 641.0211164203083 641.0211164203082 641.0211164203081 641.021116420308 641.0211164203079 640.5958337512346 640.5958337512344 640.2115908797612 640.2115908797608 640.2115908797607 640.2115908797606 640.2115908797605
0.0 0.6796388626098633 0.690406322479248 0.7260503768920898 0.8983495235443115 0.9715287685394287 2.096681833267212 2.167844772338867 2.219646692276001 2.339369535446167 2.6591291427612305 3.1582257747650146 3.212076187133789 3.471114158630371 7.204284429550171 7.731637001037598 8.178364992141724 8.622112512588501 10.765575408935547 11.900394678115845 13.395476341247559 15.720271587371826 15.924519062042236 16.49785542488098 26.527087926864624 30.434901475906372 30.547291040420532 32.23434901237488 39.18581175804138 49.55682635307312 49.87832236289978 50.14120674133301 50.784668922424316 51.059734582901 52.605223655700684 58.0025098323822 64.33012318611145 64.67011713981628 66.38184881210327 66.53503823280334 69.64990425109863 78.48144912719727 85.04528164863586
3519.8937963289977 684.4630840419015 672.6922318893437 672.6922318893432 665.9569096474587 660.6540804244972 655.1984679897047 655.1984679897045 652.5908545429693 652.5908545429689 651.8269225204689 651.8269225204688 651.8269225204687 651.8269225204685 650.1982064874076 650.1982064874074 644.9692707827174 644.9692707827172 644.9692707827171 644.9692707827169 643.0200072185687 643.0200072185686 643.0200072185685 642.8096967489706 642.80969674897 642.8096967489698 642.8096967489696 642.0834252053985 642.0834252053984 642.0834252053983 642.0834252053982 642.083425205398 642.0313354374243 642.0313354374242 642.0313354374241 642.031335437424
0.0 0.7802610397338867 0.8496010303497314 0.9015707969665527 0.9546854496002197 0.9991309642791748 1.1839220523834229 2.1338717937469482 2.524217128753662 2.56954026222229 2.641031503677368 2.759230136871338 2.9602208137512207 3.337989568710327 3.6750471591949463 3.6980018615722656 5.232726573944092 5.329753875732422 5.6782920360565186 5.991587400436401 7.5152528285980225 7.550792694091797 7.595689296722412 8.697643518447876 8.831002950668335 8.841777086257935 9.624420881271362 10.281244993209839 10.346261978149414 13.546388626098633 22.823755979537964 88.32795548439026 94.88925313949585 95.42321634292603 96.22183775901794 109.52351570129395
3620.490917314051 672.1776460807813 672.1776460807787 668.064048924054 664.7760001925586 657.8436407424718 657.4884245251676 649.3111100649324 649.3111100649321 644.2746794950151 644.274679495015 644.2746794950147 643.2497140905912 643.249714090591 643.2497140905908 642.241645907023 642.2416459070229 642.0530835918152 642.053083591815 642.0530835918149 641.2435580512679 641.2435580512675 641.0332475816697 641.0332475816693 641.033247581669 641.0332475816688 640.2115908797615 640.2115908797613 640.2115908797607 640.2115908797606 640.2115908797605 640.2115908797604
0.0 0.7289726734161377 0.8761775493621826 1.003026008605957 1.03193998336792 1.1636242866516113 1.3567137718200684 1.5131874084472656 1.5588302612304688 1.7224411964416504 1.8581409454345703 1.9550397396087646 2.1300930976867676 2.281445026397705 2.3606340885162354 2.711984634399414 3.2212624549865723 4.592641830444336 4.602411270141602 4.849071025848389 5.973533630371094 6.037794828414917 7.447099924087524 7.458235025405884 7.518252372741699 8.012435674667358 8.581018209457397 8.623167753219604 8.632882595062256 9.27967619895935 15.980363368988037 61.136852502822876
3204.758423363613 656.5430542761537 656.359407663556 656.3594076635558 650.0769789822341 650.0769789822339 647.7275718187957 647.7275718187956 647.6379930207157 647.6379930207156 647.31622737492 646.2912619704963 646.2912619704961 646.2912619704958 646.025624551272 646.0256245512716 644.7872983648923 644.787298364892 644.4414107614265 644.4414107614261 644.441410761426 644.4196210479132 644.4196210479131 644.4196210479128 644.4196210479126 642.2416459070231 642.2416459070228 642.031335437425 642.0313354374248 642.0313354374246 642.0313354374244 642.0313354374243 642.0313354374242 642.0313354374241 640.5958337512346 640.211590879761 640.2115908797607 640.2115908797606 640.2115908797605
0.0 0.7939496040344238 1.4021039009094238 1.4595367908477783 1.6413369178771973 2.03859806060791 2.1590592861175537 2.8441224098205566 3.3963584899902344 3.6070730686187744 3.8844738006591797 3.933260679244995 4.108368158340454 4.161663293838501 4.7835962772369385 4.819648742675781 7.416553497314453 7.784064531326294 8.723679065704346 8.820367574691772 8.863348722457886 9.137518405914307 9.205060482025146 9.269798517227173 9.558499097824097 10.028244972229004 10.180103063583374 14.355188369750977 14.436001300811768 14.448509693145752 15.007702350616455 15.129249811172485 15.495514392852783 21.067638158798218 24.930041551589966 29.239732265472412 29.293829917907715 30.08981156349182 64.32016277313232
3529.316998113854 675.1879420598223 671.0664568003089 668.2728214810414 668.2728214810413 668.2728214810411 662.101599735593 661.6147091687855 658.4441940935199 657.6102266553739 657.6102266553738 657.6102266553737 657.6102266553734 655.5851337207282 655.5851337207276 652.0101977482148 650.1743979353965 650.1743979353964 650.1743979353963 649.8445333435631 649.8445333435628 649.8445333435627 649.8445333435626 648.8364651599952 648.8364651599946 648.8364651599945 645.4995930978325 645.4995930978323 645.4995930978322 645.4995930978321 644.6124847217285 644.6124847217283 644.6124847217282 643.2700792114116 643.2700792114114 643.2700792114113 642.1814224756434 642.1814224756432 642.181422475643 642.1814224756429 641.7971796041694 641.7971796041693 641.7971796041691 641.0332475816692 641.0332475816691 641.033247581669 641.0332475816689 640.2115908797609 640.2115908797608 640.2115908797607 640.2115908797605 640.2115908797604
0.0 0.6614596843719482 0.6953732967376709 0.7748875617980957 0.8458795547485352 0.8779900074005127 1.0381956100463867 1.071091890335083 1.1334376335144043 1.5870614051818848 1.6284725666046143 1.8633270263671875 1.8737072944641113 2.5020205974578857 2.564182758331299 2.6479525566101074 2.771941661834717 3.0176093578338623 3.4576761722564697 3.9327359199523926 4.405465602874756 4.473678112030029 6.163484334945679 9.35868787765503 9.541205167770386 9.902519702911377 12.703591108322144 12.843186855316162 13.156479120254517 13.624244213104248 13.89423418045044 13.983312845230103 14.044556617736816 14.413299083709717 14.486908197402954 15.102662086486816 16.136666536331177 16.179553747177124 16.270646333694458 16.454811573028564 16.723254680633545 16.90131187438965 16.911001205444336 18.22865915298462 18.27040410041809 18.69845199584961 19.407210111618042 22.07151174545288 22.349422931671143 22.544968128204346 23.421592950820923 42.17873573303223
3378.5313555930616 678.5516733822618 677.5818104673255 669.6587188973957 669.3035026800908 665.7303894294597 665.7303894294595 663.5633657047698 663.5633657047695 660.0248308382953 660.0248308382947 660.0248308382945 659.9930808866361 659.9930808866357 656.3229892394118 656.3229892394115 656.3229892394114 653.4120193769244 649.2202377249188 649.2202377249187 647.9136041135883 647.9136041135881 647.9136041135878 647.1918709419599 647.1918709419597 643.0563008418478 643.0563008418477 641.3597657737354 641.3597657737351 641.359765773735 641.3597657737348 640.9755229022614 640.9755229022612 640.9755229022609 640.2115908797607 640.2115908797606 640.2115908797605
0.0 0.827221155166626 0.8858072757720947 1.0728836059570312 1.1189286708831787 1.51517915725708 1.5595130920410156 1.8704416751861572 1.9625232219696045 2.5196666717529297 2.5652620792388916 2.747734785079956 3.1775472164154053 3.204641819000244 3.654219388961792 3.7236320972442627 3.914339065551758 4.046305179595947 4.219892740249634 4.229890584945679 4.959133863449097 5.094201564788818 5.421835422515869 6.168027639389038 6.3790857791900635 10.095560550689697 10.390260219573975 11.61631464958191 11.63999319076538 11.917624235153198 12.480996370315552 12.894419193267822 12.992236852645874 13.085959672927856 13.434051275253296 18.925535917282104 19.95636248588562
