10
825.2423227277445 659.3765706052513 653.4414702418906 649.2343778409279 648.2094124365044 645.4205942338945 642.2416459070236 642.2416459070232 642.241645907023 642.2416459070228 642.123334859021 642.1233348590208 642.1233348590206 641.5700762433336 641.18583337186 641.1858333718599 641.1858333718595 640.4219013493598 640.4219013493597 640.4219013493595 640.4219013493594 640.4219013493592 640.4219013493591 640.4219013493589 640.2115908797609 640.2115908797608 640.2115908797607 640.2115908797606 640.2115908797603 640.2115908797601
0.0 0.14315056800842285 0.25600552558898926 0.2704639434814453 0.6447367668151855 1.0039465427398682 1.0145483016967773 1.148376703262329 1.2002999782562256 1.6180369853973389 6.421965599060059 6.4549641609191895 7.041232585906982 7.532695531845093 8.078226327896118 8.720019102096558 9.524612665176392 14.374842643737793 14.773700475692749 14.93557333946228 15.632983684539795 24.781036615371704 34.323575496673584 39.09582209587097 48.6054584980011 48.69166445732117 49.05599761009216 49.21264719963074 50.41023325920105 83.80359268188477
825.2423227277445 659.3765706052513 659.3765706052509 658.7321376440652 653.7367810887225 653.7367810887224 649.749548210218 649.4036606067523 649.403660606752 647.6921870703536 647.6921870703533 646.9213310496718 646.9213310496715 642.805731795293 642.8057317952926 642.8057317952924 642.5654364150383 642.3551259454405 641.8427731222166 640.9755229022609 640.211590879761 640.2115908797609 640.2115908797608 640.2115908797607 640.2115908797606 640.2115908797605 640.2115908797603
0.0 0.1451735496520996 0.15600180625915527 0.3065760135650635 0.4527292251586914 0.47493410110473633 0.592247724533081 0.9262888431549072 1.1841473579406738 2.527711868286133 3.5762791633605957 4.5534162521362305 4.566443204879761 4.668739318847656 4.679896354675293 4.772929906845093 6.9982545375823975 11.45224118232727 12.306948184967041 12.664149284362793 13.523749113082886 14.196627855300903 14.691360235214233 16.493772745132446 19.33195209503174 19.904252290725708 25.32410717010498
825.2423227277445 659.3765706052513 657.6354531919113 655.1062411817315 655.1062411817312 655.1062411817309 648.0379605465479 648.0379605465477 646.9071983753707 646.0944329531839 646.0944329531837 644.9028090858006 644.6924986162026 644.6924986162024 643.3171544973228 643.076859117069 643.0768591170686 643.0768591170682 642.3551259454406 642.3551259454402 642.35512594544 642.0834252053986 642.0834252053984 642.0834252053983 642.0834252053982 642.083425205398 642.0834252053979 640.2115908797618 640.2115908797609 640.2115908797608 640.2115908797607 640.2115908797606
0.0 0.14615511894226074 0.3736536502838135 0.8149330615997314 0.8895130157470703 0.8993518352508545 1.107309341430664 1.5652565956115723 3.5060317516326904 3.777186632156372 3.8556792736053467 4.144340991973877 5.5161826610565186 5.814143657684326 6.033710479736328 6.841308832168579 6.916305303573608 6.9324352741241455 7.3454999923706055 7.413714170455933 8.180315971374512 8.373372554779053 8.906610012054443 9.277342319488525 11.778016328811646 20.325356006622314 38.041744232177734 113.39235424995422 113.50364828109741 113.88479709625244 115.50383400917053 117.1071548461914
825.2423227277445 659.3765706052513 659.3765706052508 655.9912935769237 655.9912935769229 655.9912935769227 651.2782411490655 649.322665747338 644.9902614069866 643.532003338864 643.5320033388639 643.2917079586107 643.2917079586106 643.0200072185686 643.0200072185684 642.2937356749972 642.2937356749969 642.0834252053985 642.0313354374241 642.031335437424 641.842773122217 641.4174904531428 641.0332475816693 641.0332475816689 640.2115908797612 640.2115908797609 640.2115908797608 640.2115908797607 640.2115908797606 640.2115908797604
0.0 0.14454197883605957 0.23382925987243652 0.3356623649597168 0.3458571434020996 0.43243932723999023 0.47653722763061523 0.5807609558105469 0.7140746116638184 1.0706958770751953 1.5657813549041748 2.2943732738494873 2.3200221061706543 2.652564525604248 2.834369659423828 5.5359556674957275 7.722755193710327 17.83467960357666 18.906386852264404 47.30822038650513 47.898998737335205 47.91004157066345 48.627312421798706 48.950292348861694 51.40879201889038 51.43897771835327 51.570913314819336 52.75305676460266 53.67218780517578 57.466737031936646
825.2423227277445 659.3765706052513 659.3765706052507 654.4225357431918 653.9989022214443 653.1795838962482 653.1795838962479 652.3698132581436 642.7886786141323 642.7886786141322 642.4044357426582 641.2435580512681 641.2435580512674 640.4219013493595 640.4219013493591 640.2115908797614 640.2115908797612 640.211590879761 640.2115908797609 640.2115908797608 640.2115908797607 640.2115908797606 640.2115908797605 640.2115908797601
0.0 0.14409732818603516 0.21358346939086914 0.33161282539367676 0.7477490901947021 0.7626309394836426 1.1263813972473145 1.6183147430419922 2.135072946548462 2.6358673572540283 2.6457934379577637 3.137645959854126 3.9098401069641113 5.022650480270386 5.098962306976318 11.425262689590454 11.466647386550903 11.614604711532593 11.987208604812622 12.859715223312378 14.756872177124023 17.362989902496338 18.311896562576294 45.475202560424805
825.2423227277445 659.3765706052513 655.8809624982813 655.8809624982811 651.1783422801398 651.1783422801393 648.9019034139287 648.9019034139286 648.2177902113234 647.9460894712809 647.9460894712803 647.8230777170975 647.8230777170969 647.6002018678151 647.600201867815 647.6002018678143 646.9380212877128 646.9380212877127 646.9380212877124 646.8150095335288 646.8150095335286 646.7318787070892 642.565436415039 642.2937356749972 642.293735674997 642.2937356749969 642.2937356749967 642.0834252053986 642.0834252053984 642.0834252053982 642.0313354374244 642.0313354374242 642.0313354374239 642.0291846038775 642.029184603877 642.0291846038766 641.2196590633292 641.2196590633288 641.2196590633284 641.1481728929309 641.1481728929307 640.9378624233321 640.937862423332 640.9378624233319 640.9378624233318 640.211590879761 640.2115908797609 640.2115908797607 640.2115908797606 640.2115908797605 640.2115908797604
0.0 0.14400315284729004 0.3129589557647705 0.3331778049468994 0.5772302150726318 0.5918169021606445 0.6936609745025635 1.3806724548339844 1.6689403057098389 2.309570074081421 2.369001865386963 3.59218168258667 3.8415212631225586 4.25876522064209 4.389164686203003 4.464716196060181 5.970632791519165 6.019055366516113 6.283682823181152 7.57848858833313 8.10110855102539 9.113909482955933 9.13374638557434 9.147727251052856 9.159239530563354 11.872154474258423 19.309497833251953 24.669898986816406 25.19063425064087 25.695976972579956 31.00449538230896 31.232463121414185 32.497947454452515 34.760051250457764 34.87737035751343 35.0289740562439 35.228888273239136 35.53619885444641 38.811678886413574 65.35250186920166 66.25172066688538 72.44170784950256 73.67056846618652 74.72993874549866 77.79455327987671 79.52081751823425 80.70680117607117 80.7186336517334 82.15050554275513 86.54926228523254 107.05758690834045
825.2423227277445 659.3765706052513 659.3765706052508 654.7722718070237 652.44683717214 650.1703983059285 648.0209478174779 644.364781698731 644.3647816987304 644.3647816987303 644.3647816987302 641.6897051762699 641.6897051762692 640.975522902262 640.9755229022614 640.9755229022612 640.9755229022611 640.975522902261 640.9755229022609 640.2115908797612 640.2115908797609 640.2115908797608 640.2115908797607 640.2115908797605 640.2115908797604
0.0 0.14402222633361816 0.15499615669250488 0.24248623847961426 0.37674617767333984 0.577031135559082 0.826204776763916 0.9602439403533936 1.243391752243042 1.6461999416351318 2.4207029342651367 2.568744659423828 2.596095323562622 3.5686559677124023 3.803520917892456 4.8204052448272705 4.831839561462402 6.953572988510132 7.489447832107544 8.379624128341675 8.492693901062012 8.762927293777466 8.921907663345337 23.497828245162964 34.53377723693848
825.2423227277445 659.3765706052513 653.7864661136555 651.8472364254002 651.0132689872543 651.0132689872542 651.013268987254 649.3695601570004 648.15508767492 647.692187070353 642.2937356749973 642.293735674997 642.0834252053991 642.0834252053987 642.0834252053986 642.0834252053984 642.0834252053983 642.0834252053982 642.083425205398 642.031335437424 641.0913676875141 640.975522902261 640.5958337512347 640.5958337512346 640.5958337512345 640.2115908797607 640.2115908797606 640.2115908797604
0.0 0.14463043212890625 0.16092658042907715 0.6357917785644531 1.4993042945861816 1.9890997409820557 2.299537181854248 2.3335843086242676 3.7611277103424072 3.839470148086548 4.516048192977905 4.657186985015869 5.874434232711792 6.311536550521851 6.323014259338379 6.903870105743408 8.715039491653442 15.902300834655762 40.7078423500061 43.44270086288452 48.8036732673645 49.5720739364624 50.32107424736023 52.91428470611572 53.121485471725464 53.85661840438843 55.31117105484009 73.72813296318054
825.2423227277445 659.3765706052513 657.5847854953673 655.5155275467699 654.8541483326063 650.747586458097 650.6738286760086 650.3439640841746 649.3358959006069 649.3358959006065 642.2937356749976 642.293735674997 642.2937356749968 642.0834252053986 642.0834252053985 642.0834252053983 642.0834252053982 642.0834252053978
0.0 0.14513397216796875 0.2745826244354248 0.790687084197998 0.8632354736328125 1.0330965518951416 1.3323884010314941 1.426356315612793 2.273996591567993 2.418243408203125 5.294334173202515 5.305013418197632 7.811652183532715 13.182037591934204 13.765011548995972 14.380986452102661 21.7739200592041 99.42899799346924
825.2423227277445 659.3765706052513 659.2449836859919 653.0466905751817 647.5827958501106 647.5827958501105 647.58279585011 647.1985529786358 643.0321106865861 642.5282388821762 642.5282388821761 641.1858333718601 641.1858333718599 641.1858333718595 640.9755229022614 640.975522902261 640.2115908797615 640.2115908797614 640.2115908797609 640.2115908797607 640.2115908797605
0.0 0.14270710945129395 0.21687555313110352 0.3645915985107422 0.44152069091796875 0.910001277923584 0.9197578430175781 1.0236270427703857 1.073953628540039 1.6048827171325684 1.9847493171691895 4.889443397521973 5.059496879577637 5.2859838008880615 8.502125263214111 8.576436042785645 8.918424606323242 9.135419845581055 9.157201766967773 10.33092713356018 13.56393313407898
