10
3533.840154769928 662.5849422325161 654.4594795722714 649.7339440131467 647.3447952931949 646.8447076364686 646.8447076364682 646.8447076364681 646.8447076364678 646.1402112719454 646.1402112719445 642.915634727056 642.151702704556 642.1517027045556 641.9413922349572 641.941392234957 641.9413922349568 641.2196590633292 641.2196590633291 641.2196590633289 641.2196590633285 640.2115908797616 640.211590879761 640.2115908797609 640.2115908797606 640.2115908797604 640.2115908797603
0.0 0.9206297397613525 1.0172240734100342 1.5683238506317139 2.015869617462158 2.1402621269226074 2.370116949081421 2.6284499168395996 3.773714780807495 4.368778944015503 4.387122631072998 4.422567367553711 4.450387954711914 5.04209041595459 6.359158754348755 6.368927240371704 7.225686550140381 12.291630983352661 12.475041389465332 12.689697027206421 13.083545923233032 13.832449913024902 14.058962106704712 14.294358730316162 15.289714336395264 29.29427409172058 118.6191794872284
3621.4745284526734 652.4360795426576 650.0350581085072 649.0473471683284 646.583946600742 645.2738644120682 644.0355382256887 644.0355382256885 643.1034945844624 643.1034945844617 642.7576069809957 642.7576069809955 641.7017944458325 640.9755229022611 640.2115908797613 640.2115908797608 640.2115908797606 640.2115908797605 640.2115908797604
0.0 0.8435626029968262 1.8537452220916748 3.2850096225738525 3.4988296031951904 3.8723576068878174 4.222116947174072 4.588362455368042 5.793442010879517 5.806198835372925 6.488377809524536 7.093023777008057 11.973122119903564 12.697221994400024 12.793911457061768 13.000667095184326 13.252244710922241 14.920227766036987 37.76987171173096
3624.7813869855827 660.0446909640926 659.0313893208897 654.7659864697099 654.7659864697098 648.5011514442257 644.6316890210086 644.203909796798 641.5352355621212 641.5352355621211 641.5352355621209 641.4756105589879 641.4756105589876 640.9333240513893 640.9333240513891 640.2115908797615 640.2115908797609 640.2115908797608 640.2115908797607 640.2115908797606 640.2115908797605 640.2115908797603
0.0 1.0392720699310303 1.1326773166656494 1.1711969375610352 1.220062255859375 1.2500379085540771 1.65232515335083 1.6694090366363525 1.6898777484893799 2.0178489685058594 2.3678348064422607 2.5734314918518066 2.728618860244751 3.0130724906921387 3.026230573654175 3.487065553665161 4.046383619308472 4.311828136444092 4.6928791999816895 8.4520583152771 13.625011444091797 18.214523792266846
3401.285897773775 663.2493205195351 661.0804502444157 659.8836542735867 658.3536706960501 657.7991828934629 657.0828620558344 657.0828620558342 655.7078490055277 654.9789337700124 654.2572005983843 654.2459489729356 654.2459489729351 654.245948972935 653.9000613694695 653.9000613694691 653.900061369469 653.4242911161527 652.7025579445245 652.7025579445241 652.1232798041209 652.1232798041204 649.5720029215842 646.7745811078037 646.7745811078036 646.7745811078034 646.4264688386002 645.2782939446266 645.2782939446258 644.2905830044471 644.290583004447 642.5320937267716 642.5320937267713 642.0563234734558 642.0563234734548 642.0563234734547 640.925773153769 640.9257731537689 640.4219013493598 640.4219013493596 640.4219013493594 640.2115908797614 640.2115908797612 640.2115908797609 640.2115908797608 640.2115908797605 640.2115908797604 640.2115908797603
0.0 0.7656259536743164 0.8680446147918701 0.9292259216308594 1.2088680267333984 1.7524375915527344 2.0761947631835938 2.2151622772216797 2.2731218338012695 2.328481912612915 2.985050678253174 4.484565496444702 4.616943120956421 4.910427570343018 5.059499502182007 5.448446273803711 5.5836241245269775 5.801307916641235 5.990474224090576 6.1472039222717285 7.191667318344116 7.204132080078125 7.373922348022461 7.673890829086304 8.417139530181885 8.897789001464844 10.144637107849121 10.314886093139648 10.453803777694702 11.637115716934204 12.227861166000366 13.556988716125488 22.345407247543335 24.922595024108887 25.515329122543335 28.570970058441162 33.855432748794556 34.38859534263611 34.446317195892334 34.62725472450256 35.2437059879303 37.18533277511597 37.411773443222046 37.453420877456665 37.89313840866089 47.887757539749146 58.579768657684326 86.93634295463562
3526.5646637193295 656.3120630000783 651.1352798422646 651.135279842264 649.8900013695259 649.8900013695256 649.8900013695255 646.8720519188141 646.6317565385607 646.6317565385604 643.831489303194 643.8314893031937 643.8314893031936 643.8308035445345 642.0834252053987 642.0834252053986 642.0834252053985 642.0834252053983 642.0834252053982 642.0313354374243 642.0313354374242 642.0313354374241 641.8300450708759 641.8300450708758 641.0211164203092 641.0211164203084 640.9755229022612 640.9755229022611 640.975522902261 640.595833751235 640.5958337512349 640.5958337512347 640.5958337512346 640.5958337512345 640.5958337512343 640.2115908797618 640.2115908797612 640.211590879761 640.2115908797608 640.2115908797606 640.2115908797605 640.2115908797604 640.21159087976
0.0 0.970250129699707 1.1329913139343262 1.1441571712493896 1.22282075881958 1.337599515914917 1.7757844924926758 2.4022445678710938 2.9089040756225586 3.087639331817627 3.6784846782684326 4.169289588928223 4.7719104290008545 5.5434558391571045 5.558813810348511 6.784021854400635 7.443657875061035 9.220438957214355 28.44652819633484 42.1574501991272 43.234928131103516 45.23057246208191 54.25195503234863 55.02528691291809 55.22642779350281 55.420565605163574 55.65067148208618 55.95924115180969 56.14425325393677 56.94165778160095 57.06963229179382 57.212939739227295 57.93561124801636 60.65757131576538 65.98685646057129 66.77916598320007 66.9680826663971 67.86069464683533 67.871506690979 68.39920401573181 71.29003381729126 73.15990781784058 83.59597492218018
3635.125257484389 665.250325879109 665.2503258791077 660.3840214635428 659.3483887010009 646.710631706548 646.6510067034154 643.0314795123093 642.3097463406807 642.1939015554277 641.8142124044015 641.4299695329274 641.4299695329273 640.4219013493599 640.4219013493597 640.4219013493592 640.4219013493591 640.4219013493588 640.2115908797609 640.2115908797608 640.2115908797607 640.2115908797606 640.2115908797605
0.0 0.9677884578704834 0.979180097579956 1.148824691772461 1.2465128898620605 1.2683701515197754 1.5007174015045166 1.8563084602355957 1.9942939281463623 2.0102732181549072 2.0750489234924316 2.927063465118408 6.387970924377441 6.4712347984313965 6.494565963745117 6.906691789627075 9.60238242149353 11.55277395248413 30.835535287857056 31.693424224853516 36.965850591659546 38.97727870941162 48.37285614013672
3453.5829016414336 663.5633465203306 663.5633465203292 657.886896394943 656.9426803985193 656.9426803985191 656.942680398519 656.1832810413547 655.3573564373431 655.3573564373427 651.7723474137966 651.7723474137964 650.0782073890869 650.0782073890867 650.0732479053661 649.8227466151119 649.8227466151116 647.0208377837092 646.6990721379134 646.2991046120811 646.299104612081 646.2490397063276 646.2490397063273 646.2490397063272 645.7514797394967 643.5735045986071 643.301803858565 643.0914933889669 643.0914933889667 643.0914933889662 642.0834252053983 642.083425205398 642.0834252053978 642.0313354374243 642.0313354374242 641.0211164203083 641.0211164203082 640.4219013493596 640.4219013493588 640.211590879761 640.2115908797608 640.2115908797606 640.2115908797605 640.2115908797604
0.0 0.5486862659454346 0.5574154853820801 0.7182736396789551 1.5579864978790283 2.117626667022705 2.257732391357422 2.359044075012207 2.8432939052581787 2.899306058883667 3.1240344047546387 3.388763666152954 4.139935493469238 4.317025899887085 4.594594717025757 5.088562726974487 5.27640175819397 5.6350932121276855 5.759454727172852 7.850955486297607 8.680875301361084 8.933833122253418 8.94422435760498 8.95818543434143 9.190736293792725 9.319632053375244 9.768217325210571 10.215702772140503 10.36961317062378 10.793809413909912 25.04896378517151 28.25892734527588 39.235109090805054 45.54709076881409 46.8877227306366 49.587562799453735 49.67910432815552 52.38745927810669 53.259461402893066 65.72572231292725 66.37036752700806 68.15162897109985 75.96973466873169 106.47165560722351
3342.5771451406276 664.0321533634091 661.7852668710223 654.8510202428031 654.8510202428024 654.5029079735995 654.5029079735993 654.4992212549653 652.817053376733 652.8170533767329 651.528124530163 650.4582790893321 650.4582790893318 650.4582790893315 648.3519415565153 648.3519415565149 647.3438733729472 647.3438733729471 647.3438733729467 647.3438733729466 647.3438733729464 645.6801545354136 645.6801545354132 643.4803896810109 643.4803896810104 643.4803896810103 642.0074900737679 642.0074900737676 641.18583337186 641.1858333718598 640.4219013493598 640.4219013493592 640.2115908797607 640.2115908797604 640.2115908797603 640.2115908797601
0.0 0.5461947917938232 0.8062784671783447 1.0238943099975586 1.034435510635376 1.7942571640014648 1.8196749687194824 1.8789963722229004 3.036719799041748 3.245023727416992 3.701873302459717 3.9889557361602783 4.5914154052734375 5.43019437789917 11.302448034286499 11.323638677597046 12.254931688308716 12.412822008132935 12.49714207649231 13.495691537857056 13.901369333267212 14.637704372406006 14.699406147003174 15.196155071258545 15.351234912872314 15.615422010421753 16.88780403137207 17.35206651687622 17.56670594215393 17.854694604873657 17.877336978912354 18.28581166267395 24.999282360076904 36.99846148490906 41.64518141746521 58.60937023162842
3593.3994513758676 660.1678397660992 660.1678397660974 656.4761338147846 654.1187177052843 653.1674730097684 651.9680475538091 651.7832825503385 651.7832825503382 651.783282550338 651.6789272827964 651.6789272827962 650.3243387235565 650.3243387235564 650.3243387235561 650.324338723556 650.3243387235559 650.3243387235558 649.3858331639581 649.3858331639578 649.3858331639577 649.3858331639575 649.0556863827616 649.0556863827615 648.8623216459496 648.8623216459495 648.8623216459494 646.213205984642 646.2132059846417 646.1914162711282 643.7417403901975 643.7417403901966 643.0154688466255 643.015468846625 642.805158377027 642.8051583770268 642.8051583770266 642.8051583770265 642.0834252053985 642.0834252053984
0.0 1.0770621299743652 1.3806591033935547 1.538978099822998 1.6354665756225586 2.344874143600464 2.384331226348877 4.340682744979858 4.715006589889526 6.070068359375 6.396150588989258 7.059577465057373 7.357003927230835 8.055861473083496 8.40022087097168 8.980270147323608 9.80224084854126 18.032277822494507 19.790882110595703 19.880781650543213 20.218645811080933 23.945964097976685 36.2579460144043 43.330422163009644 92.1815242767334 92.58389353752136 93.32948160171509 94.16894435882568 94.56985712051392 94.62534928321838 96.65962934494019 96.6693639755249 102.28926372528076 102.57772874832153 103.38408422470093 103.69937443733215 104.00237011909485 107.70928525924683 111.13222885131836 111.93909931182861
3400.5833140418754 660.9800981486792 660.9800981486746 660.9800981486745 660.9800981486744 659.476107226515 656.6726223023942 655.1287058842636 655.1287058842631 655.0829330785058 655.0829330785052 653.4603987380858 653.112678890088 653.1126788900876 650.8180281047711 649.0441126503351 649.044112650335 643.741829800908 643.7418298009075 643.7418298009073 642.9778977784074 642.2516262348361 642.2516262348358 642.2516262348356 642.1517027045555 642.1517027045554 641.9413922349571 641.2196590633292 641.2196590633288 641.2196590633287 640.2115908797607 640.2115908797606 640.2115908797605
0.0 0.3902308940887451 0.4024012088775635 0.4603230953216553 0.535719633102417 0.6277570724487305 0.7215642929077148 0.9143428802490234 0.9286277294158936 1.1703498363494873 1.1815097332000732 1.2409436702728271 1.9420671463012695 1.9549157619476318 2.2564010620117188 2.3724379539489746 3.435023307800293 3.6608381271362305 3.989574432373047 5.029393434524536 5.076726198196411 5.536221742630005 5.6466193199157715 6.337870121002197 6.358816385269165 7.1030659675598145 8.50044846534729 8.586486339569092 8.598491907119751 11.487001419067383 16.35202646255493 18.736146926879883 41.579370737075806
