10
707.0899928190363 520.2699869083349 520.2699869083345 517.5623372413876 517.5623372413875 517.5623372413874 515.5443747003845 514.26251123543 513.198819604677 513.1988196046768 512.7693528504755 512.7693528504753 512.7693528504752 511.4336439240795 511.43364392407943 511.43364392407915 511.40929690997433 511.40929690997416 511.40929690997405 511.409296909974 511.40929690997393 511.4092969099738 511.40929690997376 511.40929690997365 511.40929690997353
0.0 0.016433000564575195 0.08558130264282227 0.10247254371643066 0.10926151275634766 0.11308503150939941 0.11635446548461914 0.1674332618713379 0.20227622985839844 0.2328479290008545 0.3002336025238037 0.33129334449768066 0.34766387939453125 0.49556708335876465 0.5009443759918213 0.5430772304534912 0.6114299297332764 0.6206259727478027 0.6224827766418457 0.7356007099151611 0.7729969024658203 1.3248271942138672 2.873612880706787 3.2422842979431152 11.601257085800171
707.0899928190363 520.2699869083349 520.2699869083343 518.148584996963 515.2167154832906 515.2167154832902 515.21671548329 515.2167154832899 514.8220880762465 514.8220880762464 512.6911603749292 512.6911603749287 512.6911603749286 512.6911603749285 511.4092969099741 511.4092969099738 511.4092969099737 511.40929690997353
0.0 0.0163424015045166 0.07429289817810059 0.12719321250915527 0.13358640670776367 0.13425731658935547 0.21482324600219727 0.21637296676635742 0.5303812026977539 0.5773224830627441 0.6726021766662598 0.7381579875946045 0.7474668025970459 0.9030606746673584 1.454261302947998 1.4712133407592773 7.22899603843689 13.91019868850708
707.0899928190363 520.2699869083349 517.5358090228297 514.6039395091575 514.6039395091573 512.6911603749288 512.6911603749286 512.6911603749285 512.6911603749284 511.40929690997416 511.4092969099741 511.40929690997393 511.4092969099739 511.4092969099737 511.4092969099736
0.0 0.016298770904541016 0.022163867950439453 0.06982707977294922 0.1291038990020752 0.37000036239624023 0.3840954303741455 0.44628071784973145 0.5242729187011719 0.6808466911315918 0.7250137329101562 0.8885383605957031 1.2039310932159424 1.3033666610717773 18.496598482131958
707.0899928190363 520.2699869083349 519.5569028789608 518.7232229749931 518.5534706321644 517.8719349029277 516.9548910553297 516.9548910553294 514.2061422512776 514.2061422512774 514.2061422512772 512.2156177856466 512.2156177856464 512.2156177856463 512.215617785646 510.93375432069183 510.9337543206917 510.9337543206916 510.9337543206915 510.93375432069143 510.9337543206914 510.8863148867948 510.88631488679465 510.8863148867944 510.88631488679437 510.88631488679425 510.8863148867942
0.0 0.01629328727722168 0.07457804679870605 0.335529088973999 0.47091221809387207 0.5639722347259521 0.6307592391967773 0.6314291954040527 0.8733217716217041 0.888068675994873 0.9408159255981445 1.0336227416992188 1.0380141735076904 1.084571123123169 1.102590560913086 1.1251754760742188 1.1284754276275635 1.6944913864135742 2.814823865890503 4.196446418762207 4.9072489738464355 5.141648530960083 5.142318248748779 5.30042576789856 5.826084136962891 6.096441984176636 11.32830262184143
707.0899928190363 520.2699869083349 520.2699869083341 518.9576445500145 515.9396484355532 514.0268693013248 514.0268693013246 514.0268693013245 514.0268693013243 513.1744725905718 513.1744725905717 513.1744725905716 513.1744725905714 512.7408600492238 512.7408600492236 512.7408600492234 512.7408600492233 512.7408600492232 512.7408600492231 512.6690736012213 512.669073601221 512.6690736012209 512.6690736012207 512.3652651613339 512.3652651613338 512.3652651613337 512.3178257274371 512.3178257274369 512.3178257274368 512.3178257274367 512.2034350587529 511.50149376621414 511.5014937662138 510.8863148867947 510.88631488679454 510.8863148867943 510.88631488679425 510.8863148867942 510.886314886794
0.0 0.016382932662963867 0.0270230770111084 0.0790245532989502 0.09978961944580078 0.10313796997070312 0.11268281936645508 0.24296236038208008 0.2891852855682373 0.7944467067718506 0.8110547065734863 0.8266811370849609 0.881274938583374 0.9479100704193115 0.9714367389678955 1.011016607284546 1.017416000366211 1.180237054824829 1.2339231967926025 1.4620413780212402 1.5321757793426514 1.5466158390045166 1.5737979412078857 1.654968023300171 1.7993013858795166 1.8235268592834473 2.0828375816345215 2.0870282649993896 2.2020530700683594 2.2208831310272217 2.5481326580047607 3.105757474899292 5.054781436920166 8.317992210388184 8.342680215835571 8.45621633529663 10.95647668838501 16.627696990966797 37.28710150718689
707.0899928190363 520.2699869083349 520.2699869083342 520.1012981808493 520.1012981808492 519.3616527404648 514.656135048589 511.409296909974 511.4092969099739 511.4092969099737
0.0 0.016312122344970703 0.020833969116210938 0.041678667068481445 0.0452425479888916 0.07386493682861328 0.07775712013244629 0.08455991744995117 0.8291702270507812 3.991990327835083
707.0899928190363 520.2699869083349 520.2699869083345 519.8636725030233 519.8636725030232 515.5853902426373 515.5853902426372 514.7736918519867 514.7736918519864 513.3220760442028 511.40929690997433 511.40929690997405 511.4092969099739 511.4092969099737
0.0 0.016518115997314453 0.03400921821594238 0.06922435760498047 0.09554409980773926 0.10087394714355469 0.10690093040466309 0.1330127716064453 0.18053221702575684 0.2281026840209961 0.29242730140686035 0.29679226875305176 0.5718574523925781 1.0054137706756592
707.0899928190363 520.2699869083349 520.2699869083347 520.2699869083344 513.2225448998212 513.2225448998211 512.1681783517491 512.168178351749 512.1681783517489 512.1681783517488 510.8863148867947 510.88631488679465 510.8863148867943 510.8863148867942
0.0 0.016379833221435547 0.030231714248657227 0.08451247215270996 0.10088229179382324 0.10742306709289551 0.10933971405029297 0.5030677318572998 1.0834102630615234 3.0324320793151855 5.412253379821777 5.425464153289795 5.479602098464966 5.859429359436035
707.0899928190363 520.2699869083349 520.2699869083343 517.1291494682843 515.41947972557 515.4194797255698 514.3411664236469 514.3411664236468 514.3411664236467 513.1744725905714 513.1744725905712 512.7450058363704 512.7450058363701 512.74500583637 511.4092969099742 511.4092969099741 511.40929690997405 511.409296909974 511.40929690997376 511.40929690997365 511.40929690997353
0.0 0.016426563262939453 0.07677030563354492 0.07960891723632812 0.08391547203063965 0.08539104461669922 0.28908610343933105 0.30572056770324707 0.3186917304992676 0.4318525791168213 0.6725740432739258 0.7333104610443115 0.7359175682067871 0.753570556640625 0.8478085994720459 0.9729695320129395 1.1646473407745361 1.2137722969055176 2.4947240352630615 19.80906653404236 32.23282814025879
707.0899928190363 520.2699869083349 520.2699869083345 520.2699869083343 517.3381173946616 517.1694286671766 514.4563360555264 514.4563360555263 514.4563360555262 514.4563360555261 514.0268693013245 513.7787795515322 512.6911603749288 512.6911603749287 512.6911603749285 512.6911603749284 512.6911603749282 511.40929690997433 511.4092969099743 511.4092969099742 511.4092969099741 511.409296909974 511.40929690997365 511.4092969099736
0.0 0.016445398330688477 0.017129898071289062 0.029859542846679688 0.03390192985534668 0.1044611930847168 0.1212918758392334 0.12750530242919922 0.1567385196685791 0.1636638641357422 0.20234084129333496 0.3226020336151123 0.5607340335845947 0.6044671535491943 0.6397724151611328 1.0256736278533936 1.7871897220611572 4.376681327819824 4.420473337173462 4.434096097946167 4.434776544570923 4.6383376121521 4.935728073120117 13.029414176940918
