10
3666.588673238203 536.1064954089757 534.7145324075968 523.1364058628791 519.2612923819815 519.2612923819813 514.1996611917216 514.1996611917214 514.1996611917212 514.199661191721 513.7604735230694 513.7604735230692 513.760473523069 513.4852985237072 512.1681783517495 512.1681783517491 512.168178351749 512.1681783517489 511.13047561912373 511.13047561912333 511.13047561912316 511.1304756191231 510.8863148867947 510.8863148867946 510.88631488679454 510.8863148867945 510.886314886794 510.88631488679397
0.0 1.1695022583007812 1.2084550857543945 1.3585231304168701 1.417421579360962 1.4269423484802246 1.5412325859069824 1.5964868068695068 1.909346580505371 2.5703704357147217 2.883208990097046 2.954556941986084 3.047802448272705 4.602595329284668 4.867969036102295 4.9223411083221436 5.313042640686035 5.640335321426392 10.491832256317139 10.504510879516602 14.054792881011963 14.888336896896362 16.384480714797974 17.30133867263794 17.529422760009766 18.0594379901886 20.98961114883423 87.22106957435608
3387.739728264832 555.8927357942854 550.001259746184 550.0012597461835 539.7417150831274 525.6995474756918 513.0275179634975 513.0275179634974 511.7456544985431 511.74565449854305 511.74565449854293 511.50149376621454 511.5014937662145 511.5014937662143 510.88631488679454 510.8863148867944 510.88631488679437 510.8863148867941
0.0 0.6291284561157227 0.6593708992004395 0.8573813438415527 0.9038522243499756 0.9737677574157715 0.9930539131164551 2.271629571914673 2.8462748527526855 2.878568410873413 3.5038256645202637 7.231893301010132 7.288583278656006 7.2989301681518555 8.036768674850464 8.549021244049072 10.048500776290894 20.76345682144165
3491.6829176857827 517.7623148697413 517.7623148697377 517.5042615398783 517.5042615398781 514.9668253162837 513.6849618513294 513.6849618513293 513.0697829719095 513.0697829719091 513.0624968778529 511.1304756191234 511.130475619123 510.8918362223728 510.89183622237266 510.8918362223724 510.8863148867944 510.88631488679425 510.88631488679414 510.886314886794
0.0 1.0090978145599365 2.147143602371216 2.5276854038238525 3.0329694747924805 3.134801149368286 3.156184673309326 3.347114086151123 3.6258254051208496 4.801886081695557 7.300611257553101 7.34153413772583 7.4903576374053955 7.611482381820679 7.7108376026153564 9.82613468170166 14.046394348144531 14.068413972854614 22.919238567352295 79.81068563461304
3369.8560556966963 544.7260996978135 541.6023766355281 535.4384010104684 533.3929756660988 524.1411900634391 524.093750629542 523.689493457798 515.0846019964357 515.0846019964356 515.0846019964355 514.1074857045352 514.1074857045351 514.107485704535 513.237432255186 513.2374322551851 511.1304756191235 511.1304756191234 510.8863148867945 510.8863148867942 510.8863148867939
0.0 0.6737277507781982 0.710407018661499 0.8344407081604004 0.9709062576293945 1.0874254703521729 1.1280348300933838 1.1846754550933838 1.3392834663391113 1.551055669784546 1.669917106628418 1.6905090808868408 2.4527480602264404 3.0501861572265625 3.583098888397217 4.438041687011719 8.722186803817749 8.73219108581543 8.813782453536987 11.901964664459229 25.637484550476074
3338.2793923097242 518.6952326193236 511.74565449854356 511.7456544985431 511.74565449854293 511.54893320011195 511.5014937662145 511.5014937662144 511.5014937662142 510.88631488679465 510.8863148867944 510.8863148867942 510.886314886794
0.0 0.6230490207672119 0.7925333976745605 0.8453285694122314 1.1971471309661865 1.4501817226409912 1.8466064929962158 1.9534173011779785 2.023740291595459 3.082979202270508 3.166769504547119 3.859560966491699 36.05346202850342
3514.0121157110657 532.783605303491 530.0424060257278 521.8136209428608 521.8136209428606 521.8136209428604 519.7734926981759 518.2670329985738 518.2670329985735 515.6427880517142 515.642788051714 515.3193261673177 513.8526111346058 513.8526111346057 513.8526111346054 513.7604735230691 513.7604735230689 513.1452946436495 513.1452946436491 510.8863148867946 510.8863148867943 510.88631488679425 510.8863148867942 510.8863148867941
0.0 0.905921459197998 0.9193911552429199 0.9514298439025879 1.209317922592163 1.270608901977539 1.6821205615997314 1.7343027591705322 1.7447946071624756 2.805516481399536 4.035743474960327 4.186634302139282 4.22873330116272 7.096134424209595 8.289150953292847 8.554585933685303 10.748419761657715 14.232916831970215 14.399840116500854 16.430854558944702 17.686314582824707 19.60779643058777 35.98190236091614 37.84495162963867
3101.4599783299946 527.343554905313 521.7340928178671 518.8522841859091 516.7697527088512 516.7570022333922 516.5420349511937 516.5128415010633 515.2309780361089 514.6083809540075 514.6083809540072 514.2571330802232 514.2571330802228 514.2571330802227 512.3178257274371 512.3178257274369 512.3178257274365 510.88631488679465 510.8863148867946 510.8863148867944 510.88631488679437 510.8863148867943 510.8863148867942
0.0 1.215195655822754 1.3297667503356934 1.6768336296081543 1.7364461421966553 1.7561144828796387 1.9381227493286133 2.1500351428985596 2.226139545440674 2.3880128860473633 2.401052713394165 2.83866548538208 2.8549602031707764 4.426687479019165 7.716614007949829 8.312491178512573 9.179204225540161 12.91720199584961 13.069253206253052 13.102371215820312 27.766127586364746 28.160731077194214 54.1290397644043
3344.1047473228195 541.1032024232327 533.1934007830156 531.6758953839558 529.4593173671957 529.4593173671955 528.2280739622033 527.1497606602804 527.1497606602802 524.07283608039 524.0728360803898 519.3545878544397 519.3545878544396 514.630467727715 514.6304677277147 514.6304677277145 513.3486042627607 513.3486042627604 513.3486042627603 513.3413181687039 511.409296909974 511.40929690997365
0.0 0.6585984230041504 0.8541398048400879 0.93723464012146 1.2511518001556396 1.2748327255249023 1.8205854892730713 1.981672763824463 2.1268105506896973 2.1418848037719727 2.414362907409668 2.4561195373535156 2.501106023788452 2.709758758544922 3.4583473205566406 3.7585275173187256 6.883228540420532 7.070983409881592 7.274783134460449 7.6812403202056885 7.862767219543457 9.594231843948364
3268.78779450844 561.1889103602352 541.3874488137017 525.4836153520178 524.3736748298533 514.1074857045354 514.1074857045353 514.1074857045352 512.825622239581 512.8256222395809 512.8256222395806 512.2034350587533 512.203435058753 511.1304756191233 511.1304756191232 511.1304756191231 511.13047561912305 511.130475619123 510.8863148867949 510.8863148867947 510.88631488679465 510.8863148867946 510.8863148867941 510.8863148867937
0.0 1.0977914333343506 1.1154975891113281 1.1819775104522705 1.3022902011871338 1.5582621097564697 2.013190984725952 2.092940330505371 2.105424165725708 2.135256290435791 2.1794888973236084 2.414454460144043 2.483668088912964 2.796351909637451 5.0810933113098145 5.4794371128082275 8.508997917175293 9.848839044570923 10.090378522872925 10.358061790466309 10.552178144454956 10.58183217048645 10.705462217330933 17.890488386154175
3464.4386859023266 537.9316482265133 537.9316482265111 537.9316482265107 536.0091114824011 536.009111482401 533.8236336629267 532.0556850630712 530.7885842 530.3393332515896 530.0951725192609 518.2040435110598 514.944016885726 514.6135297143564 512.924278786323 512.9242787863227 512.9242787863226 512.9242787863225 511.1304756191234 511.13047561912333 511.13047561912316 510.88631488679465 510.8863148867946 510.88631488679454 510.8863148867944 510.8863148867942 510.886314886794
0.0 0.6916360855102539 0.7030961513519287 0.9076290130615234 1.095191240310669 1.5078752040863037 1.7480990886688232 1.8224565982818604 2.032339572906494 2.1232481002807617 2.157536029815674 2.2621169090270996 4.867915391921997 4.9932825565338135 5.955968618392944 6.060814142227173 6.661276817321777 7.156079292297363 9.17272686958313 9.559349298477173 12.718785047531128 14.274366855621338 14.890743255615234 16.198188543319702 17.991782665252686 18.362021684646606 27.154740571975708
