10
707.0899928190363 518.873267776642 518.8732677766416 512.5546829325372 512.554682932537 512.203435058753 512.2034350587529 512.2034350587527 511.65557517211994 510.88631488679454 510.8863148867944 510.8863148867943 510.88631488679425 510.8863148867942 510.88631488679414
0.0 0.013926506042480469 0.0174558162689209 0.1572885513305664 0.16656184196472168 0.4034395217895508 0.4230787754058838 0.5082752704620361 1.0011963844299316 1.0049197673797607 1.0573031902313232 1.0616350173950195 1.3416602611541748 3.339858055114746 5.415297269821167
707.0899928190363 518.873267776642 518.8732677766417 518.8732677766416 515.6899178545507 515.6899178545506 515.6899178545503 515.6899178545502 511.40929690997416 511.40929690997405 511.40929690997393 511.4092969099739 511.4092969099738 511.40929690997376 511.4092969099737 511.40929690997365
0.0 0.01387166976928711 0.01738262176513672 0.05774116516113281 0.08586430549621582 0.08936667442321777 0.11628293991088867 0.2134995460510254 0.7832872867584229 0.7904500961303711 0.797583818435669 0.8019988536834717 0.9722812175750732 2.4070374965667725 2.464601516723633 5.769468307495117
707.0899928190363 518.873267776642 518.8732677766417 518.8732677766413 515.6899178545507 515.6899178545506 515.6899178545505 515.6899178545502 515.6899178545501 511.4092969099743 511.40929690997405 511.4092969099737 511.40929690997365 511.4092969099736
0.0 0.014012813568115234 0.01762866973876953 0.023176908493041992 0.39793848991394043 0.400831937789917 0.40434694290161133 0.5441529750823975 0.5668509006500244 0.838385820388794 0.8391697406768799 0.8913359642028809 8.536123752593994 10.692168235778809
707.0899928190363 518.873267776642 518.8732677766416 518.8732677766415 517.2048997308992 517.2048997308991 517.204899730899 517.2048997308989 511.13047561912373 511.13047561912333 511.1304756191233 511.13047561912316 511.1304756191231 510.88631488679476 510.88631488679465 510.8863148867946 510.88631488679454 510.88631488679437 510.8863148867943 510.88631488679425 510.88631488679414
0.0 0.013749361038208008 0.01724100112915039 0.1360936164855957 0.17967939376831055 0.23788881301879883 0.24136757850646973 0.25893688201904297 0.41701483726501465 0.42061448097229004 0.42344069480895996 0.42695164680480957 0.5049467086791992 0.65753173828125 0.6610085964202881 0.6617839336395264 0.6680252552032471 0.6987330913543701 0.762902021408081 1.5518097877502441 10.32449746131897
707.0899928190363 518.873267776642 518.8732677766417 517.2048997308991 517.204899730899 517.2048997308989 512.9242787863229 512.9242787863228 512.9242787863227 512.9242787863226 512.9242787863225 512.7450058363703 512.7450058363701 512.7450058363698 511.40929690997405 511.40929690997393 511.4092969099739 511.4092969099738 511.40929690997376 511.4092969099737 511.40929690997365 511.4092969099736
0.0 0.013785123825073242 0.020234107971191406 0.04512906074523926 0.15667462348937988 0.3162686824798584 0.4803338050842285 0.4895501136779785 0.5086030960083008 0.5373961925506592 0.5416498184204102 1.5331535339355469 1.5366697311401367 1.5499646663665771 1.5899338722229004 1.6098079681396484 1.6675069332122803 1.7991282939910889 2.888359308242798 6.7028892040252686 11.24242377281189 12.186050176620483
707.0899928190363 518.873267776642 518.8732677766419 518.8732677766418 518.8732677766415 515.6899178545507 515.6899178545503 514.2560873437855 513.304421158782 513.3044211587818 513.3044211587816 511.5014937662145 511.50149376621437 511.5014937662142 511.5014937662141 510.8863148867947 510.88631488679465 510.88631488679454 510.8863148867945 510.8863148867944 510.88631488679437 510.8863148867943 510.88631488679425 510.8863148867942 510.8863148867941
0.0 0.013839483261108398 0.014635086059570312 0.015415668487548828 0.02239513397216797 0.7049534320831299 0.7142200469970703 0.7570581436157227 0.8049328327178955 0.807744026184082 0.8995001316070557 1.3260979652404785 1.3290050029754639 1.3522701263427734 1.3718643188476562 1.4074969291687012 1.4110572338104248 1.418116569519043 1.4245574474334717 1.4784741401672363 1.4868927001953125 1.7767412662506104 1.9534575939178467 5.97043251991272 9.5858736038208
707.0899928190363 518.873267776642 518.8732677766418 518.8732677766415 515.6899178545505 515.6899178545502 515.6899178545501 515.6420998183911 515.6420998183908 511.4092969099741 511.409296909974 511.40929690997393 511.4092969099739 511.40929690997376 511.4092969099737 511.40929690997365 511.40929690997353
0.0 0.01429128646850586 0.017979860305786133 0.02159285545349121 0.3298373222351074 0.4985182285308838 0.5021038055419922 1.2627170085906982 1.3046631813049316 1.4737648963928223 1.4774770736694336 1.502910852432251 1.5400800704956055 1.8674530982971191 3.789921283721924 4.322190999984741 8.55917739868164
707.0899928190363 518.873267776642 518.8732677766418 518.8732677766417 517.2048997308993 517.2048997308991 517.204899730899 517.2048997308989 510.88631488679454 510.8863148867944 510.88631488679425 510.8863148867942 510.88631488679414
0.0 0.013890504837036133 0.017483234405517578 0.031592369079589844 0.03513050079345703 0.04788017272949219 0.05076289176940918 0.16306734085083008 1.0494000911712646 1.076751470565796 1.108999490737915 1.3331959247589111 6.922150135040283
707.0899928190363 518.873267776642 518.8732677766418 518.8732677766417 518.8732677766416 515.6899178545503 511.40929690997416 511.40929690997405 511.40929690997393 511.4092969099738 511.4092969099737 511.4092969099736
0.0 0.013957977294921875 0.017572402954101562 0.0276644229888916 0.06239652633666992 0.16178274154663086 0.450913667678833 0.46521973609924316 0.4823143482208252 0.5265748500823975 0.6649391651153564 1.9470572471618652
707.0899928190363 518.873267776642 518.8732677766416 518.8732677766415 515.6899178545508 515.6899178545506 515.6899178545505 515.6899178545503 515.6899178545502 511.40929690997405 511.40929690997376 511.4092969099737 511.40929690997365 511.4092969099736
0.0 0.014016389846801758 0.017557621002197266 0.37334394454956055 0.6544897556304932 0.6552908420562744 0.7007486820220947 0.7612247467041016 0.8041448593139648 1.2002768516540527 1.2194902896881104 10.51034688949585 17.49386739730835 21.366330862045288
