10
3480.060185760188 524.4302755071043 516.4732914898948 516.2044554232997 516.2044554232996 514.8209662166205 514.8209662166204 514.82096621662 514.4438219240501 514.4438219240499 514.4438219240498 514.1996611917216 514.1996611917211 514.199661191721 513.760473523069 511.5014937662144 511.50149376621437 511.5014937662143 511.50149376621425 511.50149376621414 510.8863148867948 510.88631488679465 510.88631488679454 510.8863148867945 510.88631488679437 510.8863148867943 510.88631488679425 510.8863148867942
0.0 0.6659297943115234 0.818148136138916 0.8699703216552734 0.9357776641845703 1.1227965354919434 1.2890119552612305 1.3175835609436035 1.9603447914123535 1.9719088077545166 2.895329475402832 3.061741828918457 3.0710952281951904 3.1944122314453125 4.0848388671875 6.264883518218994 6.308502674102783 6.38326096534729 6.41485857963562 6.966457843780518 7.800382614135742 7.812979698181152 7.968902349472046 8.657603025436401 13.213190078735352 19.209479808807373 51.258283853530884 56.42513728141785
3348.5229348063085 543.7579403815603 534.2917255062425 530.41932712131 530.4193271213098 525.0126664563907 525.0126664563905 518.719689474847 518.3684416010631 518.3684416010628 514.5545524271448 514.5545524271445 514.5545524271442 513.8526111346059 513.8526111346057 513.8526111346056 513.2374322551858 513.1452946436491 512.5431509499186 510.8863148867948 510.88631488679454 510.8863148867945 510.88631488679437 510.8863148867943 510.88631488679425
0.0 0.726416826248169 0.8598432540893555 1.4411935806274414 1.4786021709442139 1.6032195091247559 1.6876153945922852 1.845188856124878 1.9538190364837646 2.2564055919647217 2.661987066268921 2.671578884124756 3.233464241027832 4.248544216156006 4.276953458786011 4.739298105239868 4.836815357208252 39.82573342323303 40.3750901222229 40.44197344779968 40.50955891609192 41.60353493690491 43.80282974243164 44.68112254142761 57.30535054206848
3156.11405762167 538.1109711334391 521.9650801579353 518.4303601821837 518.4303601821834 516.2362906724546 516.2362906724542 513.3044211587818 513.3044211587816 512.3178257274367 512.3178257274365 510.88631488679465 510.8863148867946 510.88631488679437 510.8863148867943 510.88631488679425 510.8863148867942
0.0 0.6255731582641602 0.736011266708374 0.8299112319946289 0.8751707077026367 1.669631004333496 1.7030165195465088 2.2944376468658447 3.1661362648010254 3.254225969314575 4.041409015655518 4.775182485580444 4.80670166015625 6.44696044921875 7.893892526626587 37.65775489807129 39.66968512535095
3166.451042729098 532.2554634375313 524.5949081888557 522.9733002431528 522.9733002431527 522.9733002431525 521.162913145447 513.2374322551861 513.237432255186 513.2374322551859 513.2374322551858 513.1452946436493 513.1452946436492 512.1681783517489 512.1681783517488 510.8863148867949 510.8863148867946 510.88631488679454 510.8863148867945 510.88631488679437 510.8863148867943 510.8863148867941
0.0 0.6856720447540283 0.8456971645355225 1.015615701675415 1.1411747932434082 1.2987449169158936 1.4726736545562744 1.8528218269348145 2.1650991439819336 3.8469955921173096 5.391216993331909 53.18059253692627 53.69085144996643 58.736295223236084 59.142194747924805 63.023377895355225 63.03257608413696 63.305861711502075 64.05617547035217 66.16618394851685 72.64250540733337 74.53116488456726
3450.8653270527484 532.6200836432388 532.2482650519737 532.2482650519732 530.7426495912077 529.0581009981538 529.0581009981537 524.7747607143914 522.8619815801625 522.3390787887959 521.3055924937854 521.3055924937851 521.305592493785 521.3055924937848 517.6060939885506 517.6060939885502 515.8233352741239 513.1744725905716 513.1744725905713 511.40929690997405 511.409296909974 511.40929690997393 511.4092969099739 511.4092969099738 511.40929690997376 511.4092969099737
0.0 0.6626064777374268 0.7230901718139648 0.7341477870941162 1.0578184127807617 1.090343952178955 1.1400768756866455 1.238159418106079 1.3298470973968506 1.5545437335968018 1.5933356285095215 1.6049113273620605 2.0707457065582275 2.4086461067199707 2.5059125423431396 2.5508501529693604 3.0754570960998535 3.181666612625122 3.292799949645996 4.047497272491455 4.306010961532593 5.360856056213379 9.387793779373169 30.315699577331543 37.26173496246338 58.85802483558655
3277.4644586833565 532.5827001262361 532.5827001262355 516.6495629778386 516.6495629778385 512.4123390840778 512.1681783517489 510.88631488679465 510.8863148867946 510.8863148867944 510.88631488679437 510.8863148867943 510.88631488679425 510.8863148867942
0.0 0.7265443801879883 0.766315221786499 0.893118143081665 1.0099694728851318 1.9778075218200684 2.3315389156341553 4.774776220321655 4.983696699142456 5.09208607673645 5.148231267929077 11.106489181518555 11.894783020019531 40.07179236412048
3388.39508508321 531.5160731965854 528.8876361195754 528.8876361195752 519.6493654197576 519.6493654197573 519.6493654197571 517.3515804198825 517.3515804198823 515.0926006630275 515.0926006630273 511.13047561912356 510.88631488679476 510.8863148867946 510.8863148867945 510.88631488679414
0.0 0.7682633399963379 0.7986888885498047 0.8097102642059326 1.038301944732666 1.245173454284668 1.5055396556854248 1.6929032802581787 2.123572826385498 2.178478479385376 2.881715774536133 3.5494656562805176 3.5985589027404785 3.8089797496795654 4.587052345275879 7.7976415157318115
3516.2836843645173 554.2185667908715 544.3979616518045 533.6035002254918 517.7587990449929 517.7587990449925 517.7587990449924 516.6001461805016 516.6001461805015 515.6230298886013 512.6911603749287 512.6911603749284 511.40929690997416 511.4092969099741 511.40929690997393 511.4092969099738 511.40929690997376 511.4092969099737
0.0 0.7153019905090332 0.8213844299316406 0.9931418895721436 1.1069025993347168 1.1199064254760742 1.21071195602417 1.2808752059936523 1.318164348602295 1.4598920345306396 1.5025436878204346 1.8400359153747559 3.6465492248535156 3.7571847438812256 4.654977798461914 6.571223735809326 35.76323699951172 94.1292769908905
3288.9860907723432 523.2560005440081 523.256000544007 522.6408216645873 521.0209670360643 513.9371127334243 513.9371127334242 513.668276666829 513.6682766668289 513.6682766668287 511.4092969099743 511.4092969099742 511.40929690997416 511.4092969099739 511.4092969099738 511.4092969099737
0.0 0.7347891330718994 0.7478675842285156 1.319556713104248 1.5240674018859863 1.6126854419708252 1.9750242233276367 5.319112777709961 5.4196083545684814 6.191693305969238 7.092088460922241 7.289132595062256 7.464098691940308 7.748150825500488 13.322489023208618 17.25298500061035
3520.290290811574 534.4833290646769 529.0721183454087 529.0721183454086 521.3018340508611 517.9875515165719 514.3577490805453 514.1135883482169 514.1135883482168 511.94068143486624 511.50149376621454 511.5014937662143 511.4092969099743 511.4092969099739 511.4092969099738 511.4092969099737 510.8863148867947 510.8863148867945 510.8863148867944 510.8863148867943 510.88631488679414
0.0 0.7327909469604492 0.8797340393066406 0.9147565364837646 1.2033836841583252 3.1070027351379395 3.1435084342956543 4.029017210006714 4.042675018310547 4.239189147949219 4.943195104598999 5.072757720947266 7.04721212387085 7.167098760604858 8.86725926399231 29.61231780052185 92.84732818603516 93.00732588768005 94.59573197364807 94.81389570236206 98.92201972007751
