10
707.0899928190363 527.0287549861694 517.0322781129911 517.0322781129909 515.5826540639157 515.5826540639156 515.5147727139308 515.5147727139307 513.2374322551866 513.2374322551864 513.2374322551861 513.237432255186 513.1452946436493 513.1452946436492 511.1304756191239 511.1304756191236 511.13047561912344 511.1304756191234 510.8863148867947 510.88631488679465 510.88631488679454 510.8863148867944 510.88631488679437 510.8863148867942 510.8863148867941
0.0 0.21607232093811035 0.3683125972747803 0.7481005191802979 2.263794422149658 2.276235342025757 2.343505382537842 5.154412031173706 5.4422101974487305 5.520912408828735 5.6810338497161865 6.464834690093994 11.896883249282837 13.111335754394531 14.47917652130127 14.497429370880127 14.60080361366272 14.69953966140747 15.004653930664062 15.20482063293457 16.45976758003235 18.798298597335815 18.88962721824646 18.958500146865845 21.154226779937744
707.0899928190363 527.0287549861694 518.6038510155172 514.291798803258 514.2917988032576 513.8799887876537 513.8799887876527 513.8799887876526 513.8799887876523 512.8256222395815 512.8256222395809 512.8256222395808 510.88631488679465 510.8863148867944 510.8863148867943 510.8863148867942 510.88631488679374
0.0 0.21617913246154785 0.45004796981811523 0.9888675212860107 1.1309750080108643 1.9880027770996094 2.3394603729248047 2.3480780124664307 3.4997427463531494 5.30318284034729 6.0051069259643555 6.0988805294036865 8.423779487609863 8.721790790557861 14.612154960632324 22.88493323326111 30.687493085861206
707.0899928190363 527.0287549861694 524.9506465821266 520.7061152410621 517.5010304067229 515.6075840196147 513.3486042627603 513.3486042627601 513.34860426276 512.8311435751592 512.8311435751586 512.8311435751585 512.4123390840782 512.4123390840781 512.4123390840779 512.4123390840778 512.4123390840776 511.13047561912316 510.88631488679465 510.8863148867946 510.8863148867944 510.8863148867943 510.88631488679425 510.8863148867941
0.0 0.21842598915100098 0.2896149158477783 0.3957829475402832 0.49944210052490234 1.3869469165802002 2.764582872390747 2.8993759155273438 4.759571552276611 10.04952096939087 10.193163633346558 11.039121150970459 11.990521907806396 12.173288345336914 12.184721231460571 12.247068405151367 14.137433767318726 14.394574403762817 14.635868549346924 15.219676494598389 16.454368829727173 18.05452561378479 22.436917781829834 62.243080377578735
707.0899928190363 527.0287549861694 527.028754986169 526.494057682024 522.6877034586504 521.7666915792456 521.7666915792453 517.9822111156684 517.9822111156683 517.9822111156682 514.7683708208745 514.7683708208741 514.5545524271447 514.5545524271446 514.5545524271445 514.5545524271444 514.4684972583168 514.4684972583167 514.2917988032584 514.2917988032578 514.2917988032577 514.2917988032576 513.6582914425729 513.2374322551864 513.2374322551863 513.237432255186 512.4123390840779 510.88631488679465 510.8863148867946 510.88631488679425 510.8863148867941
0.0 0.21721482276916504 0.28804874420166016 0.3651926517486572 0.7414937019348145 0.9094069004058838 0.9667134284973145 1.1021440029144287 1.111377239227295 1.3646390438079834 1.468540906906128 1.5093600749969482 1.935938835144043 2.0371177196502686 2.2028260231018066 2.2822282314300537 4.970821142196655 5.377455949783325 5.52040696144104 5.54815411567688 6.041486978530884 6.08353590965271 6.5747926235198975 9.125324249267578 9.36845088005066 9.852935552597046 11.854964971542358 12.157712459564209 12.833422422409058 13.4832181930542 18.14585018157959
707.0899928190363 527.0287549861694 527.0287549861692 519.4966566077753 519.4966566077752 518.7649579333284 518.7649579333282 518.0172033105745 518.0172033105742 516.0636472391022 516.0636472391018 515.4410501569998 515.0898022832155 514.6691391236656 514.6689430958287 514.6689430958284 514.6689430958281 514.2917988032578 514.2917988032577 514.2917988032575 513.8526111346059 513.8526111346058 513.8526111346057 513.8526111346056 513.8526111346054 513.2374322551861 513.237432255186 511.1304756191234 511.1304756191232 511.1304756191227 510.88631488679476 510.8863148867947 510.8863148867946 510.88631488679454 510.88631488679437 510.8863148867942 510.8863148867941
0.0 0.21628475189208984 0.22524619102478027 0.6302778720855713 0.8152544498443604 2.597137689590454 2.997114419937134 3.5387234687805176 3.631352663040161 3.7673747539520264 4.089801073074341 4.685891628265381 5.199383735656738 5.647741079330444 5.802649021148682 5.8802268505096436 6.536346435546875 12.115882396697998 12.28885555267334 12.844825267791748 14.879114151000977 15.376132726669312 15.551468133926392 16.12323498725891 16.604177713394165 17.3501238822937 18.23488998413086 19.35984182357788 19.975867986679077 24.755613088607788 30.756369590759277 31.001714944839478 31.014984607696533 31.645257711410522 37.441566944122314 41.87254047393799 84.19518995285034
707.0899928190363 527.0287549861694 519.0276352625125 518.1105914149144 517.4087219885929 517.4087219885928 515.5826540639159 515.5826540639157 515.5147727139314 515.4520946097725 515.1832585431777 515.1832585431775 515.1832585431772 514.9203939416665 514.9203939416661 514.004634255398 513.3894553759786 513.3894553759781 513.3894553759777 512.412339084078 512.4123390840776 512.4123390840775 512.1681783517492 510.8863148867948 510.88631488679465 510.8863148867945 510.8863148867944 510.8863148867943 510.8863148867942 510.886314886794
0.0 0.2162618637084961 0.6812658309936523 0.9549405574798584 0.9929666519165039 1.0046780109405518 2.6677777767181396 2.6784133911132812 3.3508198261260986 3.4219377040863037 4.066165208816528 4.72469162940979 5.599059343338013 6.238046169281006 6.72115159034729 6.864805221557617 7.243443727493286 7.400223970413208 7.588517904281616 8.285531759262085 8.542406558990479 9.831028699874878 10.51575231552124 11.136274099349976 11.149218559265137 11.39628291130066 12.525764226913452 27.01969575881958 34.59198713302612 107.26084756851196
707.0899928190363 527.0287549861694 527.0287549861691 521.9595047761854 521.9595047761853 521.9595047761852 519.4966566077758 519.4966566077754 515.5826540639163 515.582654063916 515.5826540639159 513.2374322551865 513.2374322551863 513.2374322551861 513.237432255186 513.2374322551859 512.8256222395806 512.8256222395804 510.8863148867953 510.8863148867946 510.88631488679425 510.88631488679414 510.8863148867941
0.0 0.2156519889831543 0.2249131202697754 0.2405695915222168 0.2493748664855957 0.5852346420288086 0.6470620632171631 0.6776063442230225 0.929318904876709 0.938866138458252 0.9499030113220215 1.1986968517303467 1.2101078033447266 1.231391191482544 1.4925553798675537 3.3527345657348633 7.076743125915527 13.302803039550781 22.736053705215454 22.747471570968628 23.181318283081055 42.20795917510986 113.5482189655304
707.0899928190363 527.0287549861694 518.6495611382326 514.6691391236654 514.6689430958288 514.6689430958282 514.6689430958281 512.3178257274365 512.3178257274363 512.203435058753 512.2034350587529 510.8863148867946 510.8863148867945 510.8863148867943 510.88631488679414 510.886314886794 510.88631488679397
0.0 0.21654057502746582 0.24426841735839844 0.39331722259521484 1.9717047214508057 2.1132445335388184 2.6222004890441895 3.410444974899292 10.24411916732788 12.59687089920044 12.730294466018677 14.707696676254272 14.924241781234741 15.077155113220215 15.712941646575928 18.654525995254517 44.83667016029358
707.0899928190363 527.0287549861694 526.518127468793 526.5181274687926 524.435757806228 517.5539172639338 515.6427880517143 515.6427880517142 514.6689430958284 514.6689430958282 514.6689430958281 514.291798803258 514.1996611917209 511.94068143486663 511.94068143486646 510.88631488679454 510.8863148867943 510.886314886794
0.0 0.21700429916381836 0.3512084484100342 0.36020708084106445 0.48423051834106445 0.539313793182373 0.631650447845459 1.256744623184204 1.4042651653289795 1.9691681861877441 2.0423386096954346 3.1112730503082275 3.3372550010681152 4.015436410903931 4.079207420349121 4.141160249710083 9.553154230117798 54.670661211013794
707.0899928190363 527.0287549861694 526.3675604342692 517.100159462976 515.5826540639157 515.5826540639156 515.5147727139312 515.514772713931 515.452094609773 515.4520946097729 515.4520946097728 514.2061422512775 514.2061422512772 512.9242787863228 512.9242787863227 510.8863148867947 510.8863148867946 510.88631488679437 510.8863148867942 510.88631488679414 510.8863148867941 510.886314886794
0.0 0.21643447875976562 0.5576443672180176 0.9340388774871826 1.0248842239379883 1.3785884380340576 3.243594169616699 4.138547897338867 4.714890480041504 4.887989282608032 4.905345439910889 5.002939462661743 5.272866249084473 7.806912183761597 7.8188745975494385 9.481603384017944 9.553130388259888 9.7041335105896 11.984898567199707 16.375970363616943 19.949734210968018 33.601677656173706
