10
3382.374091544883 541.956452345103 535.5069406231162 530.491821885888 526.6545803351216 526.6545803351214 523.9378817462821 523.937881746282 523.9378817462818 522.579147317502 517.9087301554478 517.5141027484048 517.5141027484044 517.5141027484043 517.5141027484042 516.4614883490095 516.4614883490094 516.4614883490093 515.6953071480938 515.6953071480937 512.4876102118975 511.4092969099742 511.40929690997405 511.409296909974 511.40929690997376 511.40929690997365
0.0 0.06976079940795898 0.07795119285583496 0.10641622543334961 0.127669095993042 0.130340576171875 0.14800810813903809 0.14868474006652832 0.1619124412536621 0.1647472381591797 0.18897414207458496 0.47483134269714355 0.4790325164794922 0.5338735580444336 0.6138284206390381 0.6748583316802979 0.949878454208374 0.9608948230743408 0.9661221504211426 1.0182538032531738 1.0260889530181885 1.0450634956359863 1.0676276683807373 1.0774521827697754 1.4517018795013428 4.490588188171387
3439.664335401801 537.808897194333 531.4237838862457 528.8736765634947 528.4350086831686 525.5831788498269 524.4084348050355 516.1052549912357 516.1052549912356 515.3768628248813 515.3768628248811 515.3294233909841 515.329423390984 514.275056842912 514.2750568429119 514.2750568429118 510.958101334797 510.95810133479694 510.9106619008997 510.88631488679437 510.8863148867943 510.88631488679425 510.8863148867942 510.88631488679414
0.0 0.07858490943908691 0.13311123847961426 0.1374962329864502 0.14159536361694336 0.16405391693115234 0.16747522354125977 0.18477725982666016 0.24786806106567383 0.2601180076599121 0.2760791778564453 0.2841379642486572 0.32439231872558594 0.3271641731262207 0.35810375213623047 0.4152035713195801 0.44037389755249023 0.523094892501831 0.7081239223480225 1.6304254531860352 3.455425262451172 3.6639468669891357 23.76468062400818 35.52871322631836
3626.5389959126737 545.7916366084064 545.7916366084063 535.426616683278 528.105779239175 528.1057792391748 528.1057792391742 525.1008645703698 523.7534814939199 522.7585691934659 518.66625594087 518.6662559408699 518.6662559408697 516.8468855736312 516.8468855736311 516.846885573631 514.9668253162838 514.9668253162837 513.0275179634976 513.0275179634975 512.8307966650663 512.8307966650661 512.830796665066 512.783357231169 512.7833572311689 512.7833572311688 512.7833572311687 512.7833572311686 511.7700015126483 511.52584078031936 511.50149376621437 511.5014937662142 510.8863148867947 510.88631488679465 510.8863148867946 510.88631488679454 510.8863148867944 510.8863148867943 510.88631488679414 510.8863148867941
0.0 0.05337977409362793 0.06290125846862793 0.06982612609863281 0.08039212226867676 0.1157078742980957 0.11683082580566406 0.15017223358154297 0.17900323867797852 0.19783306121826172 0.26885056495666504 0.2695271968841553 0.34364962577819824 0.45828866958618164 0.4791090488433838 0.5143530368804932 0.6113612651824951 0.6849315166473389 0.7102346420288086 0.7343907356262207 0.9345812797546387 0.9782838821411133 1.0009760856628418 1.072803258895874 1.1034133434295654 1.1347475051879883 1.2627301216125488 1.461721420288086 2.937776803970337 2.949740409851074 3.510038375854492 3.522698402404785 3.949927806854248 3.968248128890991 4.139833927154541 4.5223212242126465 4.999221086502075 5.319387674331665 17.182227611541748 27.80667018890381
3316.982137111193 554.2994660405843 554.2994660405835 547.1774313667264 547.1774313667261 534.9097494931832 530.0526515898374 530.0526515898364 525.5458418415358 519.0374936310338 517.6843766111999 517.6843766111998 517.6843766111997 517.6843766111995 517.6446319443089 517.6444359164718 517.6444359164716 515.8616772020454 515.8616772020451 514.7986396239617 513.3894553759783 513.3894553759782 513.3894553759781 513.1927340775464 513.1927340775463 513.1452946436495 513.1452946436494 513.1452946436493 513.1452946436491 510.9106619008999 510.9106619008998 510.9106619008997 510.91066190089964 510.9106619008995 510.88631488679476 510.8863148867946 510.88631488679437 510.88631488679425 510.88631488679414
0.0 0.06263494491577148 0.07630515098571777 0.09598946571350098 0.0966649055480957 0.10120368003845215 0.14352083206176758 0.1494603157043457 0.1749858856201172 0.18574142456054688 0.20555591583251953 0.21540379524230957 0.2160797119140625 0.23671746253967285 0.49173426628112793 0.49579858779907227 0.5681748390197754 0.686877965927124 1.0752573013305664 1.1731877326965332 1.2346136569976807 1.2843902111053467 1.3822863101959229 1.4518108367919922 1.466980218887329 1.6194047927856445 1.6802818775177002 1.8504199981689453 1.9657542705535889 2.3712708950042725 2.389453887939453 2.5467236042022705 3.12341570854187 3.8784587383270264 3.9572675228118896 3.9997074604034424 4.033716201782227 4.452087879180908 8.908401727676392
3266.19721708268 550.1249634167032 545.9698854331253 538.8676424717876 533.0827452239498 533.0827452239497 531.1892988368415 528.2574293231694 528.2574293231692 526.1688102665137 524.8814090478849 520.1405091088822 520.140509108882 520.1405091088819 517.7214188938551 517.721418893855 517.5246975954236 517.5246975954235 517.5246975954234 515.0022863189802 514.6304677277152 514.630467727715 514.6304677277147 514.6304677277146 513.6682766668291 513.668276666829 513.6682766668289 513.6682766668288 513.6682766668287 513.6682766668285 511.4092969099742 511.409296909974 511.4092969099739 511.4092969099737 511.4092969099736
0.0 0.0805518627166748 0.08229589462280273 0.11694073677062988 0.12021803855895996 0.12088346481323242 0.20716118812561035 0.24331092834472656 0.2552356719970703 0.2763803005218506 0.30823326110839844 0.36197423934936523 0.4258246421813965 0.42649388313293457 0.42803430557250977 0.45865774154663086 0.630490779876709 0.661177396774292 0.727808952331543 0.7387354373931885 0.7403051853179932 0.7455377578735352 0.7462120056152344 0.9573590755462646 1.20805025100708 1.208728551864624 1.2299211025238037 1.241377592086792 1.5184149742126465 2.542736053466797 2.730937957763672 2.800895929336548 3.8765413761138916 6.37204647064209 11.254680156707764
3245.7163535451655 539.0397000018468 538.757437239375 531.842257787492 531.8422577874916 530.1727286905256 530.1727286905253 530.1727286905252 522.8232212269636 522.8232212269633 521.1774622949926 521.177462294992 515.8110435346613 515.8110435346609 515.8108475068237 515.8108475068236 515.8108475068235 515.3646796070228 512.2156177856465 512.2156177856464 512.2156177856463 510.9337543206914 510.88631488679437 510.8863148867943 510.88631488679425 510.88631488679397
0.0 0.0723104476928711 0.08544349670410156 0.09993863105773926 0.10968613624572754 0.11822152137756348 0.11889171600341797 0.1578214168548584 0.23233795166015625 0.23738574981689453 0.25990724563598633 0.26946091651916504 0.36802244186401367 0.3904573917388916 0.5247795581817627 0.848275899887085 1.4373571872711182 1.9920158386230469 2.144643783569336 2.150789499282837 2.293916702270508 2.5688259601593018 3.713479995727539 4.231088638305664 5.704707384109497 13.398273468017578
3423.56762938841 534.7429907515178 526.7861158818961 526.7861158818959 523.6162702340483 518.7887527372544 518.7887527372541 518.3516280965036 515.6319310337204 515.6319310337202 513.692623680934 513.6682766668287 512.7450058363696 511.4092969099741 511.409296909974 511.40929690997393 511.4092969099739 511.40929690997376 511.4092969099737 511.40929690997365
0.0 0.06921720504760742 0.0744314193725586 0.0998075008392334 0.1373310089111328 0.21439790725708008 0.22478747367858887 0.35398077964782715 0.46244001388549805 0.4703648090362549 0.5889599323272705 0.6555242538452148 1.0833113193511963 1.2970452308654785 1.573880910873413 1.64410400390625 5.448914527893066 7.868998289108276 12.369715452194214 24.733834743499756
3150.584405927234 543.2007490633977 543.2007490633952 535.1480654316194 535.0311558315233 535.0311558315229 535.0311558315228 533.8737878977364 533.8737878977361 527.6305573972859 518.9054233719411 518.905423371941 516.4602588727523 516.445879890036 512.7463813848017 512.7463813848015 511.5732802142168 511.57328021421677 511.5732802142167 511.5732802142165 511.5489332001116 511.54893320011143 511.5489332001114 511.54893320011115 511.54893320011104 510.93375432069183 510.9337543206917 510.9337543206916 510.9337543206915 510.93375432069143 510.8863148867949 510.8863148867946 510.8863148867945 510.8863148867943 510.88631488679425 510.88631488679414 510.8863148867941 510.886314886794
0.0 0.06328487396240234 0.06397151947021484 0.07570958137512207 0.0820155143737793 0.09274172782897949 0.13723492622375488 0.1411299705505371 0.16020798683166504 0.16739964485168457 0.2045307159423828 0.22599458694458008 0.23576807975769043 0.2600412368774414 0.2652120590209961 0.2739858627319336 0.41078734397888184 0.41338586807250977 0.46674680709838867 0.5564286708831787 0.6984708309173584 0.7976717948913574 0.8326129913330078 1.1774392127990723 3.3589608669281006 3.5745277404785156 3.5795722007751465 3.624974012374878 4.094261407852173 4.149316787719727 6.4513490200042725 6.507103681564331 6.6040732860565186 7.797886371612549 9.554562091827393 10.250292539596558 13.991023540496826 24.31478452682495
3600.5979822011955 536.6500479551047 535.3143390287089 535.3143390287088 533.183411327391 532.0247584628995 529.6176033581751 529.6176033581746 519.6910837382532 519.691083738253 516.7029346488649 516.7029346488648 516.7029346488647 514.8712353448421 514.8712353448417 514.2194448126094 514.1950977985044 513.9509370661757 513.9509370661756 513.9509370661755 513.4852985237073 512.2034350587535 512.2034350587533 512.203435058753 512.2034350587529 511.50149376621476 511.5014937662145 511.50149376621437 511.50149376621425 511.5014937662142 511.501493766214 510.8863148867947 510.88631488679454 510.8863148867945 510.88631488679437 510.8863148867942
0.0 0.08693933486938477 0.09045577049255371 0.10234642028808594 0.10635733604431152 0.13376808166503906 0.13555264472961426 0.14931392669677734 0.1823277473449707 0.18633770942687988 0.20371508598327637 0.2135632038116455 0.2272965908050537 0.36319565773010254 0.3659639358520508 0.3750760555267334 0.4250373840332031 0.48494648933410645 0.621619701385498 0.6392769813537598 0.6640212535858154 2.230333089828491 2.2335009574890137 2.2631659507751465 2.3296849727630615 2.4886436462402344 2.4893360137939453 2.490025520324707 2.4946095943450928 2.581352710723877 2.906191349029541 5.300190687179565 5.318898677825928 5.482689619064331 5.527738332748413 5.771607875823975
3452.3443137477134 549.0335763864548 539.9562392107349 539.0833847311264 536.6454140497273 536.6454140497268 536.6454140497266 515.1616834491045 513.564571625397 511.43364392407926 511.40929690997433 511.40929690997405 511.409296909974 511.40929690997393 511.40929690997376 511.4092969099737 511.4092969099736
0.0 0.04619860649108887 0.06609320640563965 0.07258152961730957 0.09036040306091309 0.09774661064147949 0.10584759712219238 0.11452937126159668 0.16092538833618164 0.1879284381866455 1.0079257488250732 1.0086145401000977 2.076427459716797 2.694465160369873 2.8279106616973877 8.520995855331421 27.82551622390747
