10
6484957.31631858 275877.83441508556 275877.83441507636 275102.2722877791 274721.9512582594 273694.9699757934 273694.96997579304 273302.252439887 273302.2524398869 273302.25243988674 272538.0041032902 272343.54038427246 272071.1068215829 271971.4948042933 271299.5197350022 271120.3659475631 270433.4976308991 270433.497630899 270363.60896030476 269498.70165930403 269445.7254279925 269445.72542799223 269406.89162998716 269406.891629987 269064.08391930384 269059.1286069033 269059.1286069031 269059.128606903 268991.7153470234
0.0 204.7291042804718 209.2525613307953 213.48273062705994 223.66355347633362 227.42266464233398 227.55343580245972 238.59319806098938 244.31399369239807 244.5747001171112 249.24571323394775 258.1556305885315 305.7242453098297 339.964271068573 364.4026520252228 429.68872690200806 440.833740234375 442.4844853878021 461.2988247871399 467.36839866638184 467.6566150188446 481.8534290790558 514.0424482822418 532.301685333252 535.9840624332428 538.9907677173615 546.3057935237885 579.4938514232635 581.4470684528351
6456916.790566675 276552.21258727007 276552.2125872614 273585.1558450028 273585.15584500274 272352.90574620967 272119.1383695547 272074.05842460226 271329.94434187334 271329.9443418733 270751.20110926474 270751.20110926457 270517.8623384428 270517.8623384426 270168.8983125769 270168.89831257664 270094.60952209315 270094.6095220928 270094.60952209274
0.0 286.308217048645 286.43952465057373 295.23777985572815 321.4530062675476 327.44520926475525 329.83642649650574 339.64122557640076 356.0229597091675 368.91046595573425 389.3296220302582 403.2210021018982 406.91101837158203 421.10176825523376 514.3826639652252 524.4103500843048 562.6842784881592 573.1923925876617 594.6021003723145
6510921.473369534 276790.30589517474 276013.19277298654 273254.4216841722 272610.4549530422 272334.8242905126 271368.6934657676 271163.3475243547 270590.0459883524 270590.0459883519 269158.9746596027 269158.9746596021 268744.9006913377 268314.49672615365 268314.4967261536 268236.0676171628 267759.81689317623 267759.81689317554 267354.927219594 266924.5550962967 266924.55509629665 266924.5550962966
0.0 279.8715445995331 286.36371207237244 309.8281967639923 310.210086107254 331.3602180480957 344.7070486545563 355.16752219200134 370.7170169353485 370.8607659339905 373.1466283798218 377.53492426872253 400.19546127319336 419.1580812931061 444.24977707862854 444.3817193508148 455.3525037765503 464.68453097343445 540.926869392395 572.9548678398132 584.9002931118011 585.0352637767792
6443493.844051234 274613.24849623226 273466.75567936024 272380.6421628183 271500.2472778528 270999.34493891656 270247.02832273906 269736.1496129623 269489.09806972067 269285.3593288664 269285.3593288663 269285.3593288661 268496.3764479478 268496.37644794764 267478.2064294167 267352.1473767386 267307.15368884057
0.0 214.3745937347412 214.9781436920166 219.81836366653442 223.10398149490356 224.95576286315918 245.73504066467285 328.07021832466125 328.326043844223 355.4373459815979 397.9631669521332 400.6983346939087 439.43846917152405 462.4083161354065 506.018940448761 506.776349067688 511.51328778266907
6383048.109103797 279818.54154712515 279200.5386362454 276111.9423715859 275823.1424836357 274214.09736573964 273954.7839739165 273793.152032094 273483.3564249405 273132.013832021 273132.01383202075 272648.27986483905 272648.2798648387 270510.37974305655 270510.3797430564 270510.3797430562 270510.37974305614 270284.4082386227 270284.4082386226 269883.8306161977 268836.53715022164 268836.53715022147 268811.3819255806 268682.82385895087 268178.41914454213 268178.4191445417 268113.1697347561 267199.56631633197 267107.3211369389 267107.3211369388
0.0 207.7706367969513 207.9820945262909 215.79812169075012 217.8338062763214 221.26879334449768 224.87214183807373 265.6850018501282 279.00164794921875 323.3637478351593 341.3875479698181 351.06313920021057 356.7313811779022 363.8030586242676 363.93905115127563 373.8971130847931 391.8021516799927 404.869277715683 425.8620572090149 429.43304991722107 442.5760905742645 442.8926727771759 450.06995606422424 493.6890926361084 498.3770000934601 498.5172073841095 498.6518361568451 507.88771748542786 518.5404887199402 569.001867055893
6412895.213689472 276942.96680771286 276942.9668077122 275878.6808185262 275878.6808185258 275878.68081852567 275325.68997763825 274885.187841215 273943.8239976607 271927.0690742171 271047.746646711 271047.74664671096 271036.5887357787 271003.7608102234 270439.97804999293 270389.8603892608 270389.8603892606 269281.2960981478 269281.29609814746 268768.80585596286 268168.2233335499 268041.6404196459 268041.64041964547 268041.6404196454 268041.6404196452 267468.27092526766
0.0 161.10458207130432 161.2403678894043 170.6020565032959 170.73395895957947 170.86533451080322 176.14613342285156 185.47166895866394 192.50510025024414 201.13131546974182 265.0546085834503 265.1929543018341 289.5440661907196 310.024534702301 318.6641204357147 320.637494802475 324.89518642425537 358.46626377105713 399.3591902256012 413.35246109962463 422.18324732780457 465.4940948486328 501.95825123786926 507.0365083217621 521.327141046524 557.4948840141296
6499866.268265499 276105.63896437275 273708.45613549097 273455.4963007045 273072.08701354306 271657.19345607294 271657.19345607277 271215.0531515874 270838.26972318295 270413.10355164343 270413.1035516434 270283.7807291673 270283.78072916693 270169.8028496911 268820.4127191987 268594.5692151467 268594.56921514636 268471.7694024121 268123.90543376986
0.0 230.3040976524353 231.7518973350525 240.19828462600708 240.37346577644348 251.4407560825348 251.57810139656067 258.2350654602051 258.53293919563293 262.54357075691223 273.10089230537415 280.83647418022156 292.0833125114441 312.4195623397827 332.2806866168976 355.7928478717804 357.89095306396484 450.64948177337646 586.5397524833679
6413917.627918164 282710.0875942148 277558.93578622537 277558.93578622513 274475.34871198336 274445.54740372126 274121.5137811686 274121.5137811685 271028.634900377 270832.3496464347 270832.3496464346 270687.9894713523 270687.9894713521 270081.6458513268 270081.64585132664 269661.5418980644 269176.5836721914 268847.48706937226 268847.4870693713 268781.46049652086
0.0 242.26588249206543 244.0347511768341 244.16830492019653 248.45947885513306 256.7905082702637 289.6104140281677 298.9988160133362 309.1564869880676 309.3919286727905 325.2156014442444 340.9369921684265 344.9482934474945 353.58934783935547 360.2824499607086 382.9385075569153 418.8901398181915 427.87799286842346 439.5399672985077 574.7807273864746
6479069.446985782 293699.56377125543 293183.285639991 277847.81787285773 275530.7153965 275530.71539649944 275318.7765298883 274453.81242291466 273547.05145615246 273337.94094423414 273322.7565122915 272545.76823728764 271360.4754872317 271360.4754872316 271026.13603207225 269768.2654695401 268665.3178663948 268582.18843771034 267718.5892192702 267718.58921927 267552.6083414792 267361.6920656845 267069.3850640625 266974.35584375245 266974.35584375216 266974.35584375204 266812.6634695607 266661.5910037874
0.0 197.2263855934143 202.3246350288391 219.13274836540222 224.4504692554474 224.5809042453766 252.62923002243042 257.644654750824 277.4443156719208 284.76420736312866 287.520400762558 314.87221908569336 323.93972539901733 328.5500023365021 337.15167570114136 351.0790617465973 351.8461923599243 368.9137773513794 392.9097719192505 393.1139268875122 430.88083505630493 444.52139019966125 453.90605211257935 472.5193784236908 473.2470703125 500.92590260505676 525.650387763977 578.0042440891266
6395338.494821751 277140.7961959113 276254.84156603005 275683.7377369572 275612.70311541966 273099.27516438765 271978.0503797267 271719.6026628963 271588.37887771 271321.48879694106 271172.5367014759 271051.1789042452 270355.636096397 269834.6290378004 269834.62903780036 269834.6290378003 269834.6290378001 268690.8615592052 268690.86155920516
0.0 269.93666219711304 272.2207717895508 272.4724588394165 279.9080927371979 282.3003361225128 287.16597390174866 291.60620737075806 308.7077808380127 310.43111991882324 364.64596223831177 401.1665461063385 442.54679322242737 469.2692496776581 493.5608265399933 493.69894099235535 525.0881221294403 567.3442294597626 567.4845759868622
