10
315596.5873942432 270122.2116868378 270122.21168683766 270064.0978038294 270064.0978038293 270064.09780382924 270064.0978038292 269930.90843454056 269930.90843454027 269930.90843454003 269930.9084345399 269706.4607366548 269706.46073665476 269706.46073665464 269706.4607366545 269706.46073665447 269706.4607366544 269706.46073665435 269333.01702920283 269333.0170292027 269316.5663977635 269316.56639776344 269037.95778063446 269037.9577806343 269037.95778063417 269037.95778063405 269037.957780634 268778.97746817657 268778.9774681762
0.0 18.700974225997925 28.59139108657837 111.76435732841492 112.56831765174866 113.68416213989258 153.49907660484314 178.28302025794983 178.39798307418823 178.96668577194214 190.7471513748169 282.49756836891174 283.07047986984253 283.6447982788086 285.91403102874756 289.40682721138 323.10691022872925 327.97136783599854 347.06304597854614 357.42811250686646 367.8805079460144 412.110089302063 458.6229519844055 460.93768334388733 466.88601756095886 469.1857304573059 550.4167129993439 565.6396470069885 566.2035222053528
315596.5873942432 270122.2116868378 270122.2116868377 270122.21168683755 269843.60306970845 269843.6030697084 269843.6030697082 269654.0981624803 269654.09816247993 269654.0981624798 269385.1637839267 269385.1637839266 269385.1637839265 269385.1637839264 269137.20493930497 269137.20493930485 269137.20493930473 269137.2049393047 269137.2049393046
0.0 18.648017644882202 25.456048488616943 55.261160135269165 104.89017033576965 107.71277356147766 108.98587703704834 142.49925756454468 143.07670712471008 145.5112771987915 170.74517703056335 172.00007510185242 179.30833315849304 182.7157266139984 204.84601092338562 207.0612986087799 209.64603877067566 260.79762077331543 335.76039814949036
315596.5873942432 270122.2116868378 270122.2116868377 270122.2116868376 269843.60306970845 269843.6030697082 269654.09816247993 269654.0981624798 269654.09816247976 269654.0981624797 269385.1637839266 269385.16378392646 269309.39071194053 269084.94301405543 269084.94301405526 269084.9430140552 269084.9430140551 268819.3589502553 268818.1938676055 268818.1938676054 268818.1938676052 268818.1938676051 268818.19386760506 268721.92294306087 268721.9229430608 268721.92294306075 268721.9229430607 268721.92294306064 268721.9229430606 268709.85402838874 268709.85402838857 268709.8540283885 268709.85402838845 268709.8540283884 268709.8540283883
0.0 18.733632564544678 27.740752696990967 42.51584982872009 44.292325258255005 53.144773721694946 54.399431228637695 57.82779908180237 62.45906662940979 86.77471661567688 110.42073583602905 111.00949454307556 124.25434255599976 140.18955373764038 141.95331120491028 147.658522605896 178.4814133644104 188.2557225227356 188.9614098072052 189.67294430732727 190.36406064033508 197.62300300598145 205.02052068710327 221.9752151966095 228.85116863250732 229.3197205066681 232.08505368232727 249.6470034122467 256.2907819747925 270.66879987716675 271.23325777053833 272.88303089141846 275.0767674446106 275.6651871204376 280.7183585166931
315596.5873942432 270122.2116868378 270122.2116868377 270120.98702630925 270120.9870263092 270120.987026309 270120.98702630895 270093.88904919726 270093.88904919697 270093.88904919685 270093.8890491968 270093.8890491967 269815.2804320677 269815.28043206764 269815.2804320674 269815.2804320673 269546.346053514 269546.34605351393 269383.9391233982 269383.939123398 269383.9391233979 269383.9391233978 269371.8702087256 269371.87020872557 269339.6284141941 269339.6284141939 269339.62841419387 269339.6284141938 269323.17778275494 269323.17778275476 269323.1777827547 269323.17778275465 269323.1777827546 269323.1777827545 269176.4555162651 269176.45551626506 269176.455516265 269176.45551626495 269175.1483579754 269175.14835797535 269175.1483579753 268658.7722983526 268658.7722983522 268658.77229835215 268500.9276987594 268500.92769875925 268500.9276987592 268414.61861862306 268414.61861862283 268414.6186186228 268414.61861862266 268414.61861862254 268414.6186186225
0.0 18.617953062057495 23.423572301864624 32.14806866645813 34.13209772109985 37.82756280899048 38.94817042350769 65.70531368255615 66.29264831542969 66.89044260978699 71.75998973846436 80.9697413444519 95.97212314605713 96.54805827140808 97.85518264770508 99.18410658836365 109.92516136169434 113.99518013000488 185.7488784790039 186.91989994049072 187.04074263572693 191.22696328163147 198.8479039669037 200.95564723014832 211.64574480056763 212.22502851486206 240.92472219467163 242.07556009292603 245.20344614982605 245.76759600639343 246.35294675827026 259.1690742969513 294.9252667427063 323.4999089241028 382.5061230659485 384.5932595729828 390.85255908966064 393.170166015625 407.666188955307 410.05632281303406 411.2879078388214 412.7367169857025 413.3143255710602 425.67351841926575 433.5155990123749 433.63364458084106 457.61837911605835 514.5371112823486 515.1133100986481 516.267395734787 519.5717222690582 548.5573554039001 562.1782350540161
315596.5873942432 270122.2116868378 270122.2116868377 270122.21168683755 269937.5206099567 269937.5206099566 269937.5206099565 269937.52060995647 269937.5206099564 269201.44052515354 269201.4405251535 269201.4405251534 269201.44052515336 269189.3716104811 269189.37161048106 269189.371610481 269189.37161048094 269103.0625303445 269103.0625303443 269103.06253034424 268913.5576231159 268913.55762311583 268913.5576231157 268824.5348459809 268634.9490059867 268634.9490059866 268634.94900598656 268634.9490059865 268634.94900598645 268634.94900598633 268571.8713300294 268571.8713300293 268571.8713300292 268571.8713300291 268571.871330029 268312.8910175714 268312.8910175713 268312.89101757127 268312.8910175712
0.0 18.64310097694397 22.247496366500854 31.882404327392578 97.59934782981873 103.92544150352478 114.75183391571045 116.65577149391174 120.12540555000305 190.7995240688324 193.80770111083984 194.99310207366943 200.9496555328369 205.68401765823364 205.9278588294983 206.5312945842743 245.81158351898193 328.65107107162476 334.00084233283997 338.521603345871 380.56655859947205 382.38796520233154 392.7094175815582 396.7754714488983 397.0161337852478 401.4134876728058 401.98170018196106 406.1428711414337 416.15571689605713 457.765741109848 465.9402918815613 466.52694487571716 470.633882522583 474.1778869628906 480.40695905685425 496.01143074035645 496.6055760383606 508.165075302124 524.8650183677673
315596.5873942432 270122.2116868378 270122.21168683755 269844.4113057893 269748.767979386 269748.76797938586 269736.6990647137 269736.69906471367 269736.69906471355 269736.6990647134 269458.0904475845 269458.0904475843 269458.0904475842 269458.0904475841 269199.1101351267 269199.1101351264 269199.11013512634 269199.1101351262 268815.4845653315 268815.4845653314 268815.48456533137 268815.4845653313 268815.48456533113 268625.9796581029 268625.97965810285 268625.9796581028 268625.97965810273 268625.9796581027 268382.55032078706 268382.550320787 268382.5503207869 268382.55032078683 268382.5503207867 268344.1837120893 268344.18371208926 268344.1837120892 268344.183712089 268344.18371208897 268344.1837120889 268344.1837120888 268229.7917701032 268229.79177010315
0.0 18.728858470916748 22.696293115615845 45.807976484298706 46.482990741729736 48.20105600357056 57.334129095077515 57.924431562423706 65.0922749042511 86.08723211288452 92.39471530914307 96.38756275177002 96.95750522613525 103.07455015182495 119.36653470993042 119.94822311401367 125.82504391670227 150.84056949615479 182.83480620384216 183.41920614242554 187.67111229896545 188.93940424919128 191.86274671554565 206.96085143089294 207.5272238254547 209.48651695251465 210.7826406955719 234.36341619491577 239.07869219779968 239.66953659057617 240.25468611717224 240.37668776512146 242.33899211883545 294.7951560020447 295.3835542201996 295.95910906791687 296.55048418045044 299.3557629585266 299.91930079460144 372.83138608932495 465.1541645526886 471.08754992485046
315596.5873942432 270122.2116868378 270101.62724722445 269843.6030697087 269843.6030697085 269843.60306970845 269843.6030697084 269843.6030697083 269827.1524382693 269169.7431769165 269169.74317691626 269169.74317691615 269169.7431769161 268624.0306116792 268624.03061167913 268365.0502992214 268365.05029922136 268365.0502992213 268337.95232210925 268337.9523221091 268337.952322109 268337.95232210896 268337.9523221089 268261.8642555212 268261.8642555211 268261.86425552104 268261.864255521 268261.8642555209 268261.86425552086 268261.8642555208
0.0 18.761922597885132 22.293703079223633 23.025672674179077 23.144071102142334 25.442137479782104 26.033844470977783 26.741975784301758 120.93476462364197 125.13829803466797 125.9452748298645 129.9567940235138 135.8069531917572 153.12037754058838 210.89259243011475 224.7402045726776 228.7464780807495 231.763197183609 239.32708716392517 241.35965204238892 253.77959561347961 262.0345666408539 411.6030647754669 471.2436444759369 471.82730197906494 476.9182541370392 481.12372279167175 497.087121963501 572.0509850978851 572.876708984375
315596.5873942432 270122.2116868378 270122.2116868377 270122.21168683766 270122.2116868376 270122.21168683755 270112.8144903954 270112.81449039537 270096.36385895626 270096.36385895615 270096.36385895597 270096.3638589559 269817.75524182693 269817.75524182664 269817.7552418265 269558.77492936916 269062.91879023035 269062.91879023024 269062.9187902299 268969.51908084226 268969.5190808422 268969.5190808421 268969.51908084203 268969.51908084186 268957.45016617 268957.45016616985 268957.4501661698 268957.4501661696 268957.4501661695
0.0 18.656118869781494 26.060580730438232 28.51552724838257 58.51214027404785 60.12358546257019 225.95223474502563 227.1324541568756 228.2527596950531 229.9556109905243 234.41806888580322 237.42344999313354 270.1334936618805 270.7330229282379 310.33971071243286 315.1603889465332 317.5110092163086 318.09119868278503 318.66803431510925 320.42369961738586 322.84258913993835 323.52796173095703 328.9380533695221 347.0988669395447 395.4840977191925 396.6656038761139 397.24483823776245 401.8758022785187 467.4232268333435
315596.5873942432 270122.2116868378 270122.21168683755 269932.7067796093 269932.70677960926 269932.7067796092 269728.00658197707 269728.00658197695 269728.0065819769 269728.0065819768 269728.0065819766 269364.37625677756 269364.37625677744 269364.3762567773 269364.3762567772 269085.7676396483 269085.76763964805 269085.76763964794 269085.7676396479 269085.76763964776 268349.68755484495 268349.6875548449 268349.6875548448 268349.6875548447 268151.28370698314 268151.283706983 267987.1305500822 267987.1305500821 267987.130550082 267987.13055008196 267987.1305500819 267744.45079036016 267744.45079036005 267744.4507903599 267744.4507903598 267698.9041746088 267698.9041746085 267698.90417460847 267698.90417460835 267698.9041746082 267698.90417460806 267686.83525993605 267636.0074571637 267636.00745716365 267636.00745716353 267636.0074571634 267599.75455123564 267599.7545512356 267599.7545512355 267599.75455123547 267599.75455123535 267599.7545512353
0.0 18.66411304473877 27.25439763069153 34.29367184638977 44.10557842254639 45.25937342643738 47.4438259601593 48.02139115333557 49.76252317428589 51.036009311676025 52.7627477645874 70.47896718978882 71.04676508903503 75.14905571937561 80.45324301719666 109.66572117805481 109.78174471855164 114.00673699378967 117.4866955280304 130.88678526878357 158.2213475704193 160.0778820514679 168.2440218925476 173.2862777709961 189.90740871429443 213.9119701385498 236.0692811012268 236.65138268470764 240.068030834198 240.6400647163391 246.20878267288208 336.0269410610199 336.1466703414917 337.42123770713806 349.2550857067108 408.5632424354553 409.1224753856659 409.8127291202545 410.3993184566498 423.26662945747375 478.0016059875488 486.31688046455383 509.03915214538574 509.1617443561554 510.90155506134033 511.4975368976593 552.9872035980225 553.5592904090881 554.1412568092346 555.3012790679932 557.1717157363892 561.1842432022095
315596.5873942432 270122.2116868378 270122.2116868377 270122.21168683766 269843.60306970857 269843.6030697085 269843.60306970845 269843.6030697084 269843.60306970833 269843.6030697083 269574.66869115527 269574.6686911551 269574.6686911549 269503.3019384081 269460.24743209797 269460.24743209773 269443.79680065863 269443.7968006583 269443.7968006582 269443.79680065817 269443.7968006581 269431.72788598627 269431.7278859862 269431.72788598615 269431.727885986 269431.72788598586 269431.7278859858 269431.72788598575 269207.2801881006 269207.28018810035 269207.28018810024 268996.8822879715 268996.8822879713 268996.88228797115 268839.89981070353 268839.8998107034 268839.8998107033 268798.60674934386 268798.6067493437 268798.6067493436 268779.86266934796 268726.03223042865 268726.0322304283 268726.03223042825 268726.0322304282 268726.0322304281 268726.03223042807
0.0 18.64121413230896 20.903862237930298 32.97912645339966 80.46353912353516 81.76192474365234 83.0386471748352 84.42536664009094 88.7225604057312 148.087632894516 152.34777164459229 152.93602848052979 154.69043707847595 175.34430766105652 176.05710244178772 176.63406491279602 177.8033492565155 178.96533179283142 183.22358775138855 201.29344010353088 238.83327913284302 246.97701001167297 247.54997658729553 248.1345191001892 248.71622586250305 267.2925343513489 279.8965759277344 295.7479603290558 347.14460921287537 348.28517961502075 360.390508890152 384.9800386428833 386.1308934688568 386.69224643707275 390.62362122535706 402.709370136261 420.61856150627136 421.43723702430725 426.3329277038574 431.83141922950745 461.77576780319214 466.2687740325928 467.43487215042114 469.1463816165924 492.6603319644928 493.7817943096161 494.23736238479614
