10
6434699.170486382 286977.967675091 284151.9572535101 282365.95597192226 282365.95597192197 279553.2281076585 278926.96049735276 278457.3608508677 278457.3608508675 278457.36085086747 278274.4143283529 277626.57625607366 277570.40992874856 277509.2038727586 276752.11458678154 276752.11458678124 275641.5597864153 275641.5597864146 274683.31689453684 274683.3168945364 274616.2817368759 274600.44366217195 273554.9801259198 273403.99364025367 273054.05211783375 272718.5000960535 272566.1669786484 272566.16697864793 272490.1763456007
0.0 171.85117530822754 177.16521668434143 179.17523956298828 179.2839879989624 186.23664808273315 197.41916298866272 211.69743752479553 235.7133014202118 240.77104902267456 245.28900480270386 287.11749505996704 290.9545431137085 301.9875500202179 314.43787121772766 321.8538889884949 329.32677364349365 358.19072365760803 392.36001443862915 448.443710565567 468.63416266441345 476.3453257083893 480.7865238189697 493.7731695175171 513.9033420085907 559.749692440033 566.8084495067596 574.0157272815704 597.6629877090454
6396950.346684121 283651.02991332277 283147.66047812207 283147.660478122 282521.0729722185 282203.80698294344 282203.8069829433 282116.3469078442 279995.6688169478 279920.9915616097 279358.6021507116 279168.755870295 278209.2486051537 278090.67851311975 277622.6221637843 277563.6092209685 277563.6092209683 276974.40492451075 276974.40492451057 276974.4049245105 276001.94896206976 275508.63589460374 275486.1711453398 275486.17114533973
0.0 199.02951979637146 202.4406681060791 209.39830207824707 209.9725639820099 220.1355528831482 220.2462558746338 221.27102613449097 224.66878747940063 229.80656027793884 245.0980257987976 248.06727719306946 261.5516378879547 271.71375489234924 311.1262676715851 359.74283623695374 359.8534359931946 374.2023615837097 390.9757442474365 396.7921073436737 429.1217544078827 522.5489044189453 537.2592782974243 587.4897735118866
6530788.144652267 281386.48029963364 281386.4802996268 280425.73281705874 279092.42287302273 278683.70741918025 278153.24637042434 278153.2463704242 278051.64525445155 276581.73906864115 276581.73906864075 276234.46139866754 276154.13066085905 275777.6163161673 275488.7260917926 275488.7260917925 274993.24340338237 274963.502254549 274963.5022545486 274829.97128509375 274829.9712850935 273673.11712949735 273673.11712949694
0.0 209.52641916275024 217.71230101585388 220.32943511009216 227.56087255477905 243.33589720726013 289.6072337627411 322.8816361427307 325.0307357311249 329.97973799705505 347.5768051147461 352.83864760398865 355.079226732254 359.57437682151794 362.686311006546 407.4852969646454 423.75302600860596 423.960679769516 443.29293298721313 448.7968912124634 448.9068458080292 514.3009803295135 541.2155752182007
6614864.955436545 283821.28952478187 282506.8911633512 282469.358263412 282469.3582634119 280913.9412859695 280345.7498895361 279743.24168753525 279347.10182687 279347.10182686977 278597.3201537834 278398.4007472492 278367.2976313784 278213.0777061672 276240.6927412389 276240.69274123845 276240.6927412384 276034.9921538635 275674.73666163103 275674.7366616307 275313.4830811088 275313.48308110866 275313.4830811084 274808.05977706553 274808.05977706535 274808.05977706524
0.0 261.41417956352234 268.9494893550873 269.066769361496 271.90541338920593 288.48512864112854 291.19741678237915 297.48051404953003 312.0116698741913 312.11888241767883 314.4834086894989 331.0523085594177 333.0229637622833 371.7540512084961 394.22924304008484 410.4330379962921 451.4085385799408 454.4718532562256 456.15808486938477 456.25960636138916 476.20218539237976 485.33324933052063 502.19180035591125 516.8236212730408 524.1700968742371 535.1878921985626
6290448.836910867 283428.05620309076 282698.75977009477 281339.55638315773 280913.73315287236 280637.9784100089 280637.9784100086 278951.08643590275 278951.0864359025 278039.57332074153 277956.6280085011 277956.6280085007 277747.0945828754 277570.2858050222 277097.73857410793 276139.2530197716 275995.6066499841 275479.0951535921 274105.16266993247 274105.1626699322 274057.522993569 273745.7069933437 273625.0990376119 273625.09903761186
0.0 247.0042610168457 256.3905460834503 259.74951553344727 275.23312401771545 279.7670679092407 279.87913513183594 324.7582314014435 331.22218465805054 340.5389709472656 347.53446888923645 354.97515177726746 360.2740864753723 366.4419255256653 368.8789539337158 373.16976404190063 392.1591980457306 444.58836674690247 447.9848630428314 466.6593999862671 494.9149045944214 495.12879705429077 526.0179235935211 541.618403673172
6420825.679478986 282990.29802174575 281813.1734921959 281783.06224955147 280734.22044183034 280301.5929683533 280301.59296835295 278388.7724581702 277323.98654455075 277239.52306046925 277073.92320837826 277073.92320837796 277073.9232083779 276744.1368626003 276744.1368626002 276744.13686260016 276336.4879702268 273753.5807055083 273692.6019764991 273111.5484681633 273111.5484681632 272609.473040944 272395.8437232786
0.0 256.28408432006836 275.95029067993164 276.16805124282837 290.7292387485504 291.9256911277771 292.0355007648468 299.7011241912842 308.4802677631378 315.87113332748413 340.59545254707336 349.6949920654297 362.62938690185547 389.8371524810791 389.9442081451416 407.0849931240082 415.58126878738403 434.2948989868164 501.8913826942444 510.6691253185272 510.7765893936157 512.4793763160706 537.8682370185852
6387333.426251984 276926.8934811298 276194.66512583714 275399.2656956461 275399.26569564606 275325.9655569888 274952.09570530633 274718.73149586876 273685.2617545658 273685.2617545656 273685.2617545654 273684.27537154034 272889.7288856949 272889.7288856947 272736.86460160516 272536.40098780056 271527.5809974446 271432.7414839917 271432.74148399156 271432.7414839915 271220.07264600554 271179.7866711686
0.0 222.34314465522766 228.78417134284973 253.54700446128845 259.9976782798767 272.7233567237854 281.3481204509735 285.3156797885895 345.3782391548157 360.13176703453064 380.68506813049316 389.7469205856323 420.8659129142761 422.89642429351807 424.74542808532715 508.18568086624146 512.0518469810486 512.3364622592926 527.0030965805054 537.6977562904358 593.4256370067596 594.5026316642761
6617274.2801799895 282892.2598452358 282217.3509787887 282009.670585771 282009.6705857708 281688.3821318216 281142.50482896605 281142.5048289659 279612.3646005344 279307.74693320313 279242.15201187925 279177.9806852896 279016.4370922622 277913.64556586824 276653.3089589305 276365.5348889143 276249.9911519191 276249.99115191906 275519.26796451636 275506.5150618943 275191.56963716116 275050.1482809239 274890.8005843838 274606.7156727996
0.0 268.94907903671265 273.175993680954 282.4069004058838 283.04021549224854 292.6364600658417 294.9610404968262 304.6041977405548 311.10709261894226 327.45055866241455 331.5765962600708 363.4435818195343 373.2302894592285 412.18562960624695 422.7701394557953 436.762291431427 447.4912073612213 467.3800268173218 487.7292413711548 493.5413398742676 500.92680382728577 501.13889837265015 546.8717219829559 556.1405944824219
6456789.136938994 279404.5067623202 277333.5096194508 276878.4659018436 276878.4659018434 276455.6601331644 275641.60563080746 274519.6500358261 274519.6500358258 274472.0288150534 274472.02881505294 273609.87702601374 272745.8083612687 272745.80836126837 271459.30086791335
0.0 234.07009601593018 244.17385149002075 251.05092000961304 261.6204352378845 265.9698510169983 323.9152419567108 343.2177426815033 343.3254277706146 348.55465865135193 399.6966381072998 479.7534279823303 500.38243412971497 523.5574173927307 525.9528005123138
6490934.533518033 280367.0718405926 279609.3900514128 279609.3900514126 278967.9135087905 278967.9135087899 278967.91350878985 277500.27496664936 277310.3468145836 277110.48926919367 277105.31837763556 276962.62419317215 276944.2716965447 276167.03918265994 274557.83527597744 273730.9238385648 273722.8369510717 273722.8369510715 273078.48203499324 273078.482034993 273078.48203499283 272297.98674814234 272297.9867481423 271864.06085425743 271864.0608542574 271864.0608542573 271783.82003247045 271185.6248033676 271185.62480336754 271126.83608088264 270773.72902716993 270773.72902716976 270724.8145716113 270724.8145716112
0.0 221.12831783294678 226.73622345924377 238.3078854084015 242.572448015213 242.68098258972168 242.79009366035461 256.22170186042786 266.7976734638214 270.8178434371948 281.9991526603699 286.0146770477295 290.8281750679016 294.7966277599335 303.1951003074646 329.2992217540741 337.4176506996155 386.618371963501 410.43856716156006 410.5460846424103 410.64972138404846 421.97053384780884 422.0746660232544 425.070925951004 434.60654163360596 469.01122212409973 482.5210552215576 496.3735523223877 505.27365040779114 512.2537925243378 526.6226465702057 526.7317576408386 568.1885001659393 573.3895354270935
