10
315596.5873942432 273657.57633867225 272972.5973098387 272972.5973098382 272478.4534461627 272382.73812766554 272382.7381276655 271732.6832527927 271732.68325279263 271705.7742460966 271681.9526513936 271681.95265139337 271513.41492905904 271464.26722398377 271464.26722398365 271435.45255494444 271212.4632728917 269676.96165010304
0.0 14.745678901672363 72.1113703250885 79.30474090576172 175.25574374198914 178.14357566833496 240.16314220428467 265.6368372440338 273.91040992736816 277.1265621185303 284.02307891845703 310.51088762283325 358.0696003437042 369.3563461303711 398.13036036491394 504.7327630519867 524.6675810813904 532.4570217132568
315596.5873942432 273657.57633867225 273501.85220738116 273284.2192150608 272875.1920624785 272801.7385230423 272188.2046441183 272188.2046441182 272175.63401425374 272175.6340142537 272143.7599198249 271959.98111634713 271959.98111634696 271959.9811163468 271746.28412470553 271663.1646678046 271663.16466780414 271597.64569907164 271386.63700446277 271088.54599568795 270632.74684031913 270632.7468403191 270632.74684031896 270446.65948766284 269835.3548318976 269835.35483189754 269835.3548318975 269835.3548318973 269835.35483189725 269752.24870742747 269752.2487074274 269393.3521481998 269393.3521481997 268838.0162927528 268762.56875486753
0.0 14.699921131134033 42.54513239860535 88.98512816429138 104.01561617851257 146.84502816200256 166.95099449157715 176.97351551055908 214.11809873580933 216.09787774085999 222.65484642982483 228.5793812274933 231.9666759967804 246.7419192790985 280.3917052745819 290.81449842453003 293.8125343322754 342.0864472389221 348.30294251441956 353.04045486450195 373.02762818336487 409.14586663246155 415.84089374542236 468.89267778396606 471.07421016693115 474.7612204551697 474.8756408691406 476.2150967121124 503.9896538257599 516.055938243866 519.7429935932159 525.7350382804871 530.3996276855469 533.2930202484131 594.2422409057617
315596.5873942432 273657.57633867225 273269.935432252 272042.4719070677 271757.5639642634 271551.3820104914 271392.1641881122 271261.4423639433 271261.4423639432 271261.4423639431 271238.1319058778 271219.41756417276 271075.4324489899 271075.4324489896 270896.94795818144 270896.9479581813
0.0 14.707528114318848 29.34777593612671 48.58415675163269 85.19667387008667 88.11790060997009 203.12201166152954 208.31937193870544 241.48195624351501 308.923056602478 417.077810049057 496.95831203460693 505.4578514099121 513.3165047168732 552.1353678703308 588.3272480964661
315596.5873942432 273657.57633867225 273280.57441120356 272827.566684637 272056.4354377182 272056.4354377181 272056.43543771794 270879.5328067598 270058.0681283576 269903.98039911507 269903.980399115 269903.98039911484 269818.02061472216 269818.0206147219 269818.02061472187 269729.406450262 269729.40645026177 269729.4064502616 269716.4974929874 268831.4564029365 268831.4564029364 268831.45640293637
0.0 14.661809206008911 33.59315896034241 54.63761568069458 83.58499121665955 83.69001388549805 93.31864094734192 94.75340533256531 145.6015100479126 256.5419900417328 257.69767332077026 285.13800024986267 341.32192301750183 351.7803554534912 369.8581278324127 379.83341884613037 379.94177746772766 445.08276629447937 467.54528760910034 487.7129719257355 497.5901846885681 498.77358531951904
315596.5873942432 273657.57633867225 273421.50931528804 273421.5093152879 273136.12553518557 272937.7648277351 272881.8479781864 272881.84797818615 272347.12037288316 272347.12037288287 271586.1953964918 271012.3277308017 271012.3277308016 270770.91546455544 269910.8985950656 269910.8985950652 269373.81037792936
0.0 14.77432107925415 37.96167182922363 38.06747794151306 54.17338943481445 66.38662195205688 70.86495780944824 80.72989130020142 84.8532977104187 97.12916874885559 110.11398124694824 132.9030957221985 241.46862387657166 259.5875504016876 301.4344415664673 331.8293619155884 572.5001018047333
315596.5873942432 273657.57633867225 273646.66819072113 273646.668190721 273338.1460072084 272174.72597390006 272174.7259739 271935.0016065487 271689.0015620734 271647.79606130306 271301.4564810788 271230.38629400654 271230.3862940063 270859.24823323643 270859.24823323614 270859.2482332361 270636.45282400557 270636.4528240053 270257.0834399377 270140.63060341694
0.0 14.645819425582886 19.197299003601074 25.572582960128784 35.83355736732483 47.15635824203491 70.62537622451782 99.17949366569519 134.82652950286865 160.9710032939911 175.28224754333496 186.45940399169922 214.964448928833 302.26755380630493 308.9979865550995 309.10738134384155 310.4562871456146 360.6965489387512 367.21215176582336 369.2499752044678
315596.5873942432 273657.57633867225 273447.3505520879 273385.7235207229 273385.72352072265 273298.3975937543 273230.8198375463 272794.26052606455 272708.85032943945 272708.8503294393 272494.7350977436 272413.8939363518 272413.8939363515 272413.89393635135 272413.8939363512 272133.9199876491 271689.3000085322 271689.3000085318 271626.7157154803 271505.8388555741 271126.91806908173 271126.9180690815 271056.0948073512 271034.5094765806 271034.50947658054
0.0 14.642638921737671 17.607064723968506 81.0577940940857 130.40793347358704 175.1648087501526 175.4848747253418 196.37815165519714 196.5481915473938 198.3561086654663 239.99655532836914 246.2375409603119 246.3400285243988 267.0018906593323 268.12163066864014 295.70979595184326 299.91212916374207 308.5413074493408 411.5770523548126 475.29519414901733 483.8944761753082 490.02559542655945 490.70863103866577 529.2947602272034 546.1937687397003
315596.5873942432 273657.57633867225 273247.0883355818 272880.21151707077 272026.5700832528 272026.57008325227 271728.998046709 271728.9980467089 271233.97792685055 270229.2718771064 270229.2718771063 269691.6209761012 269691.62097610097 269502.22234582 269218.92127902905 269218.9212790288 269218.92127902864 269095.35669950617 269095.3566995061
0.0 14.732638120651245 37.841256618499756 59.38470196723938 104.12386631965637 104.23645782470703 140.0465121269226 140.15328407287598 187.52458143234253 233.28000450134277 298.8175559043884 354.4751009941101 354.5783534049988 362.58672428131104 379.027414560318 399.4023058414459 399.50556230545044 469.19928789138794 471.37507486343384
315596.5873942432 273657.57633867225 273427.4738912056 273427.4738912054 272994.3150992324 272967.5470550179 272967.54705501784 272813.25333586347 272813.2533358634 272813.25333586324 272813.2533358632 271532.5600349904 270986.32446528086 270798.06838521035 270798.06838521006 270393.0328521529 270393.0328521528 270393.03285215265 270287.3526310889 270287.3526310885 270287.35263108823 270287.3526310882 270239.02485096076 270239.0248509607 269845.04918079055 269845.04918079043 269845.0491807903 269845.04918079026 269650.4308393726 269479.27556111023 269351.07753659727 269251.030082979 269251.0300829789
0.0 14.682006597518921 43.10932755470276 43.21821975708008 70.4627537727356 116.3562867641449 121.36282753944397 122.38496446609497 146.23648691177368 163.71102023124695 163.8206639289856 187.02416062355042 198.85190343856812 211.44321274757385 237.71789860725403 245.25065326690674 263.636563539505 266.40104150772095 298.45678186416626 329.1049590110779 388.1256465911865 396.42724895477295 416.49330949783325 416.60045623779297 418.9111821651459 432.2226583957672 445.5350856781006 453.50390219688416 462.82893919944763 486.35945105552673 511.6159899234772 555.7014124393463 583.2328598499298
315596.5873942432 273657.57633867225 273513.0067269335 273262.064740679 273114.4225000659 273114.4225000657 272480.5280410726 271885.50159143534 271704.6872180558 270747.695493543 270083.9424738637 269982.3596986556 269982.35969865555 269982.3596986555 269982.3596986554 269833.25672234397 269833.25672234356 269509.79916657717 269509.7991665768 269509.7991665767
0.0 14.62056279182434 50.94131422042847 66.44653034210205 71.46011543273926 89.14202380180359 93.75694942474365 136.8010609149933 145.44760036468506 160.95464158058167 175.86949944496155 224.3503577709198 240.97769165039062 316.0645034313202 418.00418615341187 471.4224007129669 484.85732984542847 494.91221737861633 542.7250823974609 559.4841461181641
