10
315596.5873942432 273350.49211380497 269768.8251104408 269672.97273095214 269585.79772355035 269106.6477462781 268476.8211723136 267923.0155351392 267923.01553513895 267883.5421898915 267883.54218989104 267829.43164060893 267829.4316406088 267733.4738538813 267690.39688966906 267690.3968896683 267690.39688966813 267080.3844249702 267080.38442496984 266382.575554724 266351.3389807321 265880.53877361194 265880.5387736118 265880.53877361177 265864.08272893395 265864.08272893337
0.0 15.736511707305908 18.576331853866577 37.646719455718994 38.84608292579651 53.459511041641235 74.11563515663147 77.52747583389282 86.1676857471466 88.44891119003296 93.6291196346283 209.66055870056152 230.24927949905396 245.1171417236328 251.47165179252625 274.6527953147888 283.5450367927551 300.80046343803406 315.1684112548828 325.4814348220825 356.3727843761444 388.6945307254791 394.5411219596863 444.73466181755066 473.53796768188477 478.12642884254456
315596.5873942432 273350.49211380497 270363.2388375773 270050.1954935068 270050.1954935066 270050.19549350656 269811.8651567462 269642.6452516243 269476.9216610681 268826.9851575549 268373.8709674514 268373.87096745137 268357.414922773 268357.41492277296 268318.1930199347 268262.82267091045 268234.8271403298 268105.30279672233 267541.2115660979 267541.2115660978 267294.50441531744 267294.5044153169 267264.35768259095 267235.0160235823
0.0 15.571281909942627 21.94075918197632 25.2492413520813 33.647825956344604 33.78455424308777 35.779056787490845 35.95994019508362 37.54387068748474 44.50217533111572 88.97844314575195 90.67088150978088 278.9630846977234 279.0957772731781 335.18995547294617 348.5926275253296 392.91047525405884 428.9791135787964 437.8723306655884 451.34722232818604 511.5864119529724 511.72375297546387 529.8127584457397 533.9341495037079
315596.5873942432 273350.49211380497 270262.31437568343 270009.17057509813 270009.1705750981 269959.56626443565 269820.2927824961 269685.63583766745 268646.5924264015 268646.5924264014 268525.0403169681 268525.040316968 268525.0403169677 268321.5889861104 267892.30571474455 267503.3429915904 267474.2749255076 267474.27492550755
0.0 15.738588809967041 21.487743377685547 30.146944999694824 58.932082653045654 64.15814805030823 104.62452721595764 206.9964623451233 217.63729643821716 239.1150257587433 251.73324990272522 257.3802161216736 280.77554273605347 337.09220814704895 415.9146387577057 530.0476858615875 530.1865837574005 530.3248076438904
315596.5873942432 273350.49211380497 273305.6237974437 271581.0147726508 270958.3542325916 269376.51455368963 269215.64235818497 269215.6423581848 268895.3132840958 268564.2328931732 268564.232893173 268564.23289317294 268501.5948616961 268223.6689449768 268179.9796798222 268140.79546219023 267694.2871754298 267409.41176311026 266341.51208211697 266341.5120821168 266199.2302356308 266170.6506924665 265781.3413770501 265763.80897960317
0.0 15.767794370651245 20.697532415390015 25.0004985332489 40.08712458610535 41.86095190048218 45.44702959060669 46.24812912940979 58.299569845199585 79.35547709465027 89.34315896034241 89.48628664016724 90.74013781547546 113.55434513092041 178.50422763824463 205.1922378540039 222.66696763038635 223.03775095939636 227.98793053627014 287.8672821521759 386.61199378967285 431.72610330581665 469.0187041759491 562.0901565551758
315596.5873942432 273350.49211380497 272981.54161786975 269914.49089484074 269914.4908948403 269914.49089484004 269904.99513254594 269852.1364652093 269333.30360702396 269127.0632562651 269127.06325626496 268576.64586272975 268497.9750392796 267696.26511778106 267696.2651177808 267362.8348555469 267125.423066398 267125.42306639795 267125.4230663979 267125.4230663977 266827.091822147 266827.0918221469 266475.3626894793 266458.9066448008 266458.9066448007
0.0 15.713778018951416 16.713279008865356 28.985257148742676 29.125077486038208 32.904104709625244 166.2172327041626 168.66056942939758 173.82411861419678 193.15461778640747 211.73418641090393 235.45729041099548 246.45589184761047 299.7141616344452 299.8494267463684 314.8823630809784 320.11053442955017 320.3819191455841 381.68116998672485 381.820595741272 421.39570355415344 424.82661724090576 425.4396731853485 524.513786315918 524.6468319892883
315596.5873942432 273350.49211380497 269387.2404753863 268982.9506048281 268693.4916964727 267532.61943966185 267532.6194396618 266917.22558697645 266775.4535144242 266775.453514424 266775.4535144239 266775.45351442386 266775.4535144238 266455.3218196298 265733.64211080427 265463.48589893314 265447.2089087328 265447.2089087327
0.0 15.777978420257568 21.537132740020752 24.98407793045044 26.45073413848877 45.930182218551636 99.31388688087463 152.57569456100464 198.87298560142517 202.89403986930847 210.0279369354248 255.28561925888062 314.47427797317505 328.04331731796265 395.01184940338135 395.2795639038086 471.62308502197266 575.2760806083679
315596.5873942432 273350.49211380497 273350.49211380474 271925.51453795173 271925.5145379512 271810.3700808454 271480.69968718174 271480.69968718133 271480.6996871811 270873.95180571236 269960.3189375809 269769.4455732641 269769.44557326374 269459.7508944907 268350.1843272526 268103.8118587432 268027.7361395627 268010.5788520381 268010.57885203796 268010.57885203767
0.0 15.628685474395752 15.762734651565552 18.74860143661499 30.83788537979126 57.11641550064087 72.90987300872803 87.86596417427063 114.3136396408081 138.96759128570557 144.58333492279053 188.7347548007965 211.2271659374237 224.67599177360535 250.3417887687683 250.6036455631256 266.19391322135925 520.6779687404633 531.2426960468292 590.2120478153229
315596.5873942432 273350.49211380497 270047.6405894889 269929.2720588933 269381.1884028783 269303.5470557811 269019.7680595781 269018.54116176796 269018.54116176785 269018.5411617678 269018.5411617677 268785.4412049712 268785.4412049711 268674.43259400665 268287.84772939136 267850.1053157767 267850.1053157764 267684.8179264341 267568.8612940012 267552.3374151118 267501.25826533145 267416.7873563712 267367.32363930735 267367.32363930723 267141.8618193472 266832.1228482477
0.0 15.695664882659912 16.356377601623535 20.528501510620117 20.701678037643433 27.719228744506836 41.83947134017944 61.781729221343994 71.70495700836182 153.0515158176422 181.20140862464905 195.7378671169281 207.77911496162415 211.42731094360352 228.1312825679779 242.31393575668335 256.3680028915405 393.93486523628235 406.03643321990967 442.8206272125244 448.9355504512787 449.5149345397949 470.6190061569214 521.5550050735474 528.880095243454 586.3330109119415
315596.5873942432 273350.49211380497 271467.566871797 270996.13643890194 270996.13643890177 270421.7295730264 270307.8762008633 270213.9279255716 269995.19423308654 269864.49323381245 269745.0612977019 269405.43207903963 267811.8401839769 267422.8990584143 267165.2272906073 267165.22729060723 267155.83901110414 267155.8390111041 266690.22419294657 266690.2241929463 266582.32306693227 266525.3601514863 266525.36015148624 266004.4392441848 266004.43924418464 266004.4392441843 265466.6218273193 265466.62182731926 265466.6218273186 265466.62182731857 265290.0876398173 265290.08763981727 265290.087639817 265265.7383911848 265114.657590158
0.0 15.643428325653076 19.413966178894043 19.60359263420105 20.70413374900818 32.70745229721069 50.729138135910034 52.45425581932068 69.90950536727905 72.4264726638794 91.41453886032104 102.41072583198547 111.63495683670044 123.04571628570557 149.00012159347534 172.11368608474731 175.1202733516693 189.12391328811646 217.26484513282776 224.30668139457703 261.3790090084076 265.32139682769775 265.4614374637604 287.9524350166321 299.6587336063385 394.49077320098877 411.22158885002136 412.6449136734009 412.77243876457214 471.86688351631165 522.5726869106293 522.7185163497925 522.8587341308594 532.441910982132 577.298336982727
315596.5873942432 273350.49211380497 273350.4921138046 272700.80106997053 272107.1185399071 270675.79958621593 270660.5543167017 270468.5234178478 269955.9090217737 269895.9940558837 269729.38209354196 269545.7280341863 269253.28339151334 269181.05682073656 268973.8527867096 268783.40996551135 268466.5866104499 268444.5940707858 267942.3607310635 267942.36073106347
0.0 15.677381753921509 15.812107801437378 19.078274488449097 32.07298517227173 76.33314990997314 80.7144706249237 102.36251878738403 151.59518027305603 188.56404542922974 207.38868045806885 244.93295240402222 246.98556900024414 262.7587149143219 292.54903960227966 322.9395914077759 362.5762360095978 452.7899315357208 561.6950843334198 570.4299628734589
