10
11892.888058614652 9697.168504381738 9691.888524629932 9675.414654095828 9586.905351018078 9586.905351018075 9586.905351018073 9553.231432562367 9502.600124534325 9467.727977568451 9467.559842782608 9467.559842782606 9467.559842782604 9467.559842782603 9443.548287012749 9443.548287012745 9443.548287012743 9443.548287012742 9443.54828701274 9443.548287012738 9441.825086656509 9441.825086656501 9441.8250866565 9408.752010519029 9408.75201051902 9408.752010519018 9408.752010519014 9384.349333948028 9384.349333948021 9380.07617472182 9380.076174721818 9380.076174721817 9380.076174721811 9380.07617472181
0.0 0.8700282573699951 1.3279967308044434 1.7926771640777588 2.184711217880249 2.3220598697662354 2.4412286281585693 4.040886163711548 4.3017659187316895 13.755777597427368 13.867993354797363 13.892916440963745 14.025336265563965 15.075758934020996 16.116863489151 16.232195377349854 16.352264642715454 16.51950430870056 19.64866614341736 20.08945107460022 35.71805930137634 35.96764850616455 36.833142042160034 45.37275052070618 45.55288815498352 60.04616713523865 68.80639481544495 85.24428868293762 85.53804016113281 96.42830753326416 97.86962056159973 97.98447394371033 98.83211755752563 100.75285077095032
11892.888058614652 9697.168504381738 9697.168504381734 9697.16850438173 9582.440886005943 9582.440886005941 9515.03606485956 9489.929111888621 9489.92911188862 9449.100639394634 9449.100639394628 9449.100639394625 9449.100639394623 9416.194559435082 9387.279075649647 9379.117495327357 9368.033369297244 9368.033369297233 9353.609754288007 9353.609754288005 9353.609754288 9353.609754287998 9353.609754287994 9353.60975428799 9353.609754287989
0.0 0.8522491455078125 0.9437775611877441 1.3987767696380615 1.8280742168426514 1.9342570304870605 2.564113140106201 2.7422029972076416 3.3905444145202637 4.377982139587402 4.4045679569244385 4.664062738418579 4.775183439254761 5.092381238937378 12.538595914840698 14.321690797805786 14.74875783920288 15.621679067611694 24.322000741958618 24.486614227294922 24.60654926300049 24.636749029159546 24.999797105789185 29.538945198059082 39.51624894142151
11892.888058614652 9697.168504381738 9607.019811375561 9607.019811375558 9607.019811375556 9579.740069731457 9579.740069731455 9572.071917478288 9572.071917478284 9572.071917478283 9542.234316504639 9542.234316504637 9542.234316504635 9467.25129217143 9467.25129217142 9467.251292171419 9467.251292171411 9451.12201690092 9451.122016900914 9384.384056235967 9353.609754288002 9353.609754287992 9353.60975428799 9353.609754287985
0.0 0.8870093822479248 1.2918212413787842 1.3837800025939941 5.106308937072754 6.810148000717163 6.88064980506897 9.829991579055786 10.150028944015503 11.09567379951477 13.73949384689331 18.444609880447388 21.170037984848022 24.826784372329712 24.94512629508972 25.63151454925537 26.15860605239868 26.77416467666626 31.17684769630432 40.45800423622131 41.026047706604004 42.28889775276184 47.883968114852905 121.53986978530884
11892.888058614652 9697.168504381738 9697.168504381736 9679.427297438891 9652.648361982652 9652.648361982641 9645.405844596593 9645.405844596586 9642.982609307635 9642.982609307634 9642.982609307628 9396.63242922438 9396.632429224375 9396.632429224372 9396.632429224368 9380.7028003968 9380.702800396797 9356.691244626945 9356.691244626943 9356.69124462694 9356.691244626938 9356.691244626936 9356.691244626934 9353.609754288 9353.609754287989 9353.609754287987 9353.609754287983
0.0 0.8717446327209473 1.400517463684082 1.6102724075317383 1.9845802783966064 2.3221592903137207 6.535976409912109 7.540850400924683 8.18404245376587 8.206174612045288 8.292397499084473 9.019266843795776 9.160489082336426 9.24692988395691 9.845120906829834 16.266643285751343 16.841145992279053 22.725625038146973 22.969146251678467 23.607444047927856 43.363704204559326 48.75127363204956 87.7534658908844 113.01991391181946 113.63064169883728 146.41808891296387 298.750360250473
11892.888058614652 9697.168504381738 9685.057839422529 9531.294427624012 9531.294427624005 9531.294427624003 9526.966291507026 9505.899339356412 9505.89933935641 9505.899339356409 9505.899339356407 9505.899339356396 9505.89933935639 9489.632061011882 9489.468950774202 9489.4689507742 9464.149637222139 9464.149637222137 9464.149637222135 9372.032612287432 9372.032612287428 9372.032612287427 9372.032612287421 9372.03261228742 9353.609754288003 9353.609754288 9353.609754287996 9353.609754287994 9353.609754287992 9353.60975428799 9353.609754287987
0.0 0.8615341186523438 1.5751442909240723 3.5247788429260254 3.9053893089294434 4.319662570953369 6.388235330581665 6.607766389846802 7.040802240371704 7.103307485580444 7.403046607971191 7.839537858963013 8.528418064117432 9.560796022415161 9.79024052619934 10.246543884277344 26.914238452911377 27.771891832351685 30.94986391067505 31.617883920669556 31.741072416305542 31.90266513824463 38.5907039642334 48.142465114593506 68.24951457977295 68.53282046318054 69.07823395729065 69.2315924167633 71.71652054786682 73.00907444953918 118.13128900527954
11892.888058614652 9697.168504381738 9697.168504381736 9615.299938943184 9615.29993894318 9613.431267102487 9613.431267102484 9560.099690936036 9489.853983914336 9489.853983914334 9416.194559435085 9416.194559435084 9416.194559435078 9353.609754288005 9353.609754288003 9353.609754288 9353.609754287994 9353.60975428799 9353.609754287987
0.0 0.8688700199127197 0.9929871559143066 1.1370739936828613 1.6623852252960205 3.213263988494873 3.3478965759277344 4.147653818130493 4.427508354187012 4.448913097381592 5.0696351528167725 5.679694652557373 6.1555116176605225 20.46483874320984 20.928556203842163 21.016170978546143 21.29305624961853 29.554950714111328 89.26667714118958
11892.888058614652 9697.168504381738 9658.933572963824 9544.205954588037 9544.205954588024 9529.78156220424 9529.781562204238 9529.781562204233 9529.781562204225 9529.781562204224 9430.94005677975 9430.940056779746 9402.264220982557 9402.264220982546 9402.264220982544 9381.011722047555 9381.011722047553 9381.011722047551 9381.011722047548 9376.73856282135 9376.738562821347 9376.738562821345 9376.738562821343 9376.73856282134 9376.738562821338 9376.738562821336 9376.738562821334
0.0 0.873276948928833 1.041050910949707 1.310835599899292 1.815889835357666 4.971967935562134 5.062172174453735 5.667605400085449 6.704737186431885 9.475204467773438 10.411677360534668 13.15901231765747 21.58397889137268 21.77240514755249 23.152076244354248 25.01952624320984 27.719810962677002 28.18389105796814 28.467990398406982 39.44160866737366 40.1605064868927 41.824570655822754 42.1949245929718 45.58545136451721 51.43667387962341 122.30914664268494 194.6703221797943
11892.888058614652 9697.168504381738 9568.01649362214 9568.016493622139 9568.016493622137 9564.05325351853 9564.053253518525 9564.053253518523 9564.053253518521 9564.053253518516 9564.053253518512 9529.781562204229 9529.781562204225 9529.78156220422 9517.670897245027 9517.670897245025 9517.670897245023 9517.67089724502 9517.670897245012 9502.200428862272 9502.200428862267 9502.200428862265 9430.940056779753 9430.940056779747 9409.687557844756 9409.687557844754 9409.687557844753 9405.414398618552 9405.414398618548 9405.41439861854 9381.011722047562 9381.011722047555 9381.011722047548 9381.011722047544 9376.738562821354 9376.738562821347 9376.738562821345 9376.738562821343 9376.738562821341 9376.738562821338 9376.738562821334
0.0 0.8725152015686035 1.1560254096984863 1.757373571395874 3.014227867126465 3.1507177352905273 3.22772479057312 3.5826807022094727 3.935148000717163 4.044590950012207 5.5580174922943115 7.3517210483551025 7.5200207233428955 8.087050914764404 8.532705068588257 8.688435316085815 8.864638566970825 9.505958795547485 22.1342933177948 25.360703945159912 25.79277014732361 27.17533564567566 28.970860481262207 29.283457279205322 34.457080364227295 34.975364208221436 37.85496377944946 38.85069680213928 39.02380847930908 42.242461919784546 75.53814506530762 75.56278991699219 75.99733209609985 78.1995701789856 113.76088762283325 113.88770461082458 116.22522807121277 117.25881671905518 119.80869460105896 139.28207683563232 171.81712412834167
11892.888058614652 9697.168504381738 9697.168504381736 9582.440886005947 9582.440886005945 9582.44088600593 9568.016493622144 9568.01649362214 9555.905828662946 9555.905828662939 9555.905828662933 9555.905828662932 9517.670897245021 9517.67089724502 9517.670897245014 9496.418398310027 9496.418398310025 9496.255288072367 9496.255288072365 9496.25528807236 9496.25528807235 9491.982128846159 9491.982128846146 9491.982128846144 9405.414398618552 9405.41439861855 9405.414398618545 9394.354061152468 9391.210815230848 9391.210815230845 9391.210815230843 9391.210815230841 9391.21081523084 9391.210815230837 9376.738562821349 9376.738562821347 9376.738562821345 9376.738562821343 9376.738562821341 9376.73856282134 9376.738562821336 9376.738562821334
0.0 0.8675477504730225 1.1596624851226807 1.6639554500579834 1.6887969970703125 2.0863208770751953 2.8977198600769043 3.0409774780273438 3.2250633239746094 3.521195650100708 3.751459836959839 5.389931917190552 12.115390539169312 14.114927768707275 14.850898504257202 21.171104907989502 22.582396745681763 25.968432903289795 26.88300085067749 27.288809776306152 27.666295766830444 31.54227328300476 32.061992168426514 33.43608069419861 37.371126651763916 39.1922607421875 40.509573459625244 81.7946264743805 82.09871172904968 82.99621486663818 83.36875510215759 84.6744773387909 89.77524828910828 95.59038662910461 118.57833790779114 119.950204372406 120.06580185890198 121.36723303794861 123.57331895828247 126.31377077102661 135.2119927406311 269.163925409317
11892.888058614652 9697.168504381738 9681.717923902785 9669.607258943593 9656.530033782201 9656.530033782192 9652.566793678574 9652.56679367857 9652.566793678569 9638.14240129479 9638.142401294772 9638.14240129477 9638.142401294765 9633.648489845229 9618.409604375922 9600.122604574237 9585.919021186544 9585.919021186543 9585.919021186535 9583.628394722635 9583.62839472263 9574.313183866585 9557.391599736779 9542.91934732728 9528.380452931835 9528.380452931833 9527.61022448021 9527.610224480204 9527.610224480197 9527.610224480195 9527.610224480193 9525.452316372624 9525.452316372615 9525.45231637261 9525.452316372608 9519.385775793318 9519.385775793316 9519.385775793315 9519.385775793311 9435.046543413991 9435.04654341399 9435.046543413986 9420.622151030188 9420.622151030184 9406.861526529468 9406.861526529463 9406.861526529456 9406.861526529454 9406.86152652945 9385.609027594466 9385.609027594464 9385.609027594463 9381.335868368262 9381.33586836826 9381.335868368258 9381.335868368255 9381.335868368247
0.0 0.8696441650390625 1.240640640258789 1.9134604930877686 2.3528940677642822 2.7074472904205322 3.8308472633361816 5.393435478210449 8.804491519927979 11.314993858337402 11.536805391311646 12.349905729293823 14.794557094573975 15.07539987564087 15.379791498184204 19.855005979537964 20.30064082145691 20.719446182250977 22.97820210456848 23.301635265350342 24.71484065055847 29.613707304000854 30.326976537704468 31.352245807647705 32.70181083679199 35.36333870887756 36.92512273788452 37.29300355911255 37.781328439712524 38.463887214660645 38.73498296737671 39.33252263069153 39.93780779838562 40.416932344436646 42.92325162887573 50.20653510093689 50.31950044631958 50.72049593925476 52.218082666397095 54.86326599121094 54.90681505203247 55.238465547561646 56.79361701011658 57.40444612503052 64.87780237197876 65.02055644989014 66.6813395023346 71.94090247154236 84.15936017036438 84.51467490196228 84.77329802513123 90.31037139892578 93.86194038391113 94.26784253120422 95.41805505752563 98.33488011360168 110.53243923187256
