10
11892.888058614652 9684.136418010477 9630.912250756031 9626.152637555833 9626.152637555815 9621.017914772645 9525.779907768558 9525.779907768556 9517.044618841981 9515.475353029495 9508.197903553923 9501.43515737581 9501.435157375803 9493.959575085313 9493.959575085299 9493.959575085293 9477.929277190678 9404.26985271144 9404.269852711432 9366.952913386778 9366.952913386776 9362.196160314805 9356.69124462695 9356.691244626949 9356.691244626945 9356.691244626943 9356.691244626942 9356.691244626934 9356.691244626929 9353.609754287996 9353.609754287989
0.0 0.8049099445343018 0.9919631481170654 3.2667059898376465 3.288919448852539 3.8150413036346436 6.3522350788116455 6.8486082553863525 7.120955467224121 7.178706884384155 8.620337724685669 8.6436448097229 11.666584253311157 12.263004541397095 12.286672830581665 12.916134595870972 13.525320291519165 15.768841028213501 16.14640235900879 22.536991596221924 26.714085578918457 30.482664585113525 37.2917423248291 37.508413553237915 37.72732377052307 41.66728210449219 42.493701457977295 74.55225563049316 96.01462626457214 223.60125350952148 227.13006901741028
11892.888058614652 9684.136418010477 9684.136418010476 9619.623619661583 9531.87576944229 9512.11651547867 9487.245858900342 9458.204507231945 9458.204507231943 9458.204507231942 9422.104782796523 9422.104782796514 9422.104782796512 9411.265398614549 9399.157354766316 9399.157354766312 9394.467885151178 9394.467885151173 9393.140868846622 9393.140868846616 9391.67283542393 9391.672835423926 9391.672835423919 9391.672835423913 9390.697941826134 9390.697941826129 9390.49374676148 9390.493746761478 9387.5720539043 9387.57205390429 9382.886465188421 9382.192042789642 9382.192042789637 9376.646347068947 9376.64634706894 9376.646347068938 9376.646347068936 9376.64634706893
0.0 0.8111670017242432 1.3075950145721436 2.3005378246307373 3.204000473022461 4.075168132781982 5.245005369186401 5.6089136600494385 8.14656400680542 8.747189044952393 10.880114793777466 11.991356372833252 15.684861898422241 16.254455089569092 16.56452441215515 16.644927501678467 19.62310290336609 19.679247617721558 36.62182927131653 40.135589599609375 56.202067375183105 56.99983239173889 59.05850625038147 71.62777853012085 83.57345223426819 83.80755400657654 128.2486138343811 137.70680737495422 138.4673843383789 138.4884433746338 155.8534014225006 162.53793478012085 165.48710989952087 167.40242433547974 168.377539396286 172.4840793609619 173.8726773262024 186.01290345191956
11892.888058614652 9684.136418010477 9664.694395745857 9624.851494577808 9543.449638621396 9507.349914185974 9505.245746356539 9497.942874980969 9426.735542544984 9412.245789788098 9409.677272961688 9409.677272961684 9409.677272961682 9409.677272961679 9406.882223234436 9406.882223234426 9406.882223234421 9403.74400698546 9396.574625951522 9393.237014051065 9393.237014051057 9393.237014051056 9392.84664251444 9392.846642514432 9389.95639539518 9389.956395395178 9388.060976010674 9379.983958969411 9379.983958969398 9379.983958969397 9376.646347068945
0.0 0.80489182472229 0.9292001724243164 1.1848037242889404 2.706908702850342 5.051507949829102 5.921193361282349 6.112568140029907 6.578630685806274 10.824102640151978 15.189303159713745 16.770546674728394 22.46679949760437 24.96103811264038 31.087815761566162 31.158686637878418 33.974509954452515 42.67316174507141 46.74465012550354 92.90512037277222 94.12147378921509 96.99266576766968 105.25562572479248 106.04050326347351 106.45641326904297 107.82578229904175 108.11956930160522 108.20707130432129 114.41233015060425 180.9979281425476 299.08729314804077
11892.888058614652 9684.136418010477 9648.377929942917 9640.746769705842 9589.57244207855 9568.811356280665 9559.781515787254 9559.781515787246 9530.115368180945 9530.115368180943 9530.115368180941 9530.115368180934 9518.593826050668 9501.81682566012 9498.763000867588 9498.763000867579 9444.556032298655 9424.84462192717 9397.823873107092 9397.82387310709 9397.823873107089 9397.823873107087 9397.823873107085 9397.823873107081 9392.911781711537 9385.742400677616 9385.742400677611 9381.876848804495 9381.876848804484 9363.453990805054 9363.45399080505 9356.691244626949 9356.691244626945 9356.691244626942 9356.69124462694 9353.609754288 9353.609754287994 9353.60975428799
0.0 0.8056857585906982 0.9997274875640869 2.427232503890991 3.2448620796203613 3.6041245460510254 7.013500452041626 7.941321849822998 9.101459264755249 10.861795663833618 12.675769090652466 13.658309936523438 17.69520115852356 31.472941637039185 32.97633504867554 33.6059250831604 33.735302686691284 34.25043773651123 35.308510065078735 35.351842164993286 36.21664881706238 40.11763954162598 64.64441919326782 85.27195429801941 169.62325239181519 171.24053072929382 172.5964162349701 172.63622784614563 173.13139462471008 188.50246906280518 189.79648089408875 215.86265063285828 218.03517293930054 224.22951102256775 232.89685988426208 271.4341866970062 275.18953037261963 283.0573492050171
11892.888058614652 9684.136418010477 9684.136418010474 9599.59964017824 9556.206640039076 9484.626206046565 9484.626206046561 9460.812732231409 9460.812732231396 9450.03203113617 9450.032031136167 9449.586174331998 9449.586174331982 9438.097867938579 9432.079376322847 9432.079376322843 9429.825835107926 9429.825835107918 9429.825835107913 9428.48223636413 9427.258867587387 9427.04654667493 9427.046546674925 9427.046546674923 9427.046546674921 9418.944479992753 9402.77330136077 9402.773301360761 9402.77330136076 9400.61892283435 9400.618922834346 9400.618922834343 9400.618922834341 9400.618922834337 9400.618922834336 9397.82387310709 9397.823873107087 9395.71294433365 9392.791251476454 9387.245555755748 9387.245555755746 9387.245555755744 9380.076174721824 9380.076174721813 9380.07617472181
0.0 0.8130054473876953 1.5991833209991455 2.8738558292388916 4.985891342163086 5.602774381637573 5.814006328582764 8.684881210327148 8.881348848342896 9.782945394515991 10.048628330230713 11.384538173675537 11.63164234161377 13.68338131904602 14.293171167373657 16.146942377090454 21.10115933418274 21.127053022384644 21.982457399368286 23.38877296447754 34.37050986289978 50.131311893463135 51.777506828308105 54.2321343421936 56.18393683433533 56.94852900505066 57.478898763656616 58.095051527023315 58.564090728759766 102.97109699249268 102.99472880363464 107.31255531311035 107.43734645843506 115.16811537742615 118.22172927856445 123.11983442306519 127.59387040138245 127.95734477043152 128.95590543746948 129.84100675582886 134.87645721435547 162.84247398376465 170.87702417373657 172.0593683719635 175.46519088745117
11892.888058614652 9684.136418010477 9588.364636952218 9538.847839269796 9524.375586860306 9509.756993484365 9509.756993484354 9482.764982971341 9466.658438344235 9461.15352265638 9446.901236116566 9446.90123611656 9414.79403865672 9387.773289836636 9387.773289836634 9384.267449861743 9369.14842102311 9361.979039989177 9359.820516751168 9359.473553308166 9356.739026412219 9356.739026412213 9356.73902641221 9356.739026412202 9356.739026412199 9353.609754288003 9353.609754288002 9353.609754288 9353.609754287998 9353.609754287996 9353.609754287992 9353.60975428799
0.0 0.7983269691467285 1.1654443740844727 1.3652253150939941 2.7325785160064697 3.387768030166626 4.796885967254639 8.709816217422485 13.0191330909729 13.890873432159424 15.080905437469482 19.96626305580139 22.865436553955078 23.145278215408325 28.18355393409729 28.6962251663208 29.067212104797363 36.985411405563354 38.84920907020569 39.85647797584534 39.939809799194336 40.07688784599304 40.175238370895386 45.08901381492615 53.59663486480713 63.80663824081421 67.1031084060669 70.18577146530151 74.29223656654358 92.56224918365479 97.59586453437805 111.26557970046997
11892.888058614652 9684.136418010477 9684.136418010467 9682.790054410216 9660.6275357884 9660.627535788399 9566.36018043006 9406.505946388248 9406.505946388244 9400.96025066755 9400.960250667542 9386.487998258059 9386.487998258051 9386.487998258048 9386.487998258046 9379.983958969422 9379.983958969407 9379.983958969406 9379.983958969404
0.0 0.8371670246124268 1.416304588317871 1.8050262928009033 2.349083423614502 2.4710309505462646 2.918955087661743 4.153354644775391 5.489316940307617 6.756002187728882 6.785523891448975 9.794111490249634 11.059776306152344 11.590394973754883 14.353883981704712 19.537760972976685 19.55918526649475 54.879491090774536 136.21424841880798
11892.888058614652 9684.136418010477 9638.825755066913 9635.698194083145 9586.176769280055 9514.876301696133 9509.211938483224 9435.563534737692 9435.563534737683 9435.56353473768 9383.795570109685 9383.795570109683 9383.795570109682 9383.795570109667 9367.865941282103 9360.696560248178 9360.696560248176 9360.696560248172 9353.609754288003 9353.609754288002 9353.609754287998 9353.609754287994 9353.609754287992 9353.60975428799 9353.609754287987
0.0 0.8108859062194824 1.2104649543762207 1.3108177185058594 1.4448904991149902 2.7893950939178467 2.8186275959014893 3.3209595680236816 3.342294216156006 4.7580060958862305 7.803357839584351 8.434138059616089 9.09283971786499 9.457595348358154 19.033738136291504 30.914822101593018 44.770342111587524 59.16930794715881 67.65500450134277 67.90162420272827 77.88294172286987 99.52090811729431 130.421856880188 149.2141056060791 290.30874013900757
11892.888058614652 9684.136418010477 9683.218604510494 9683.218604510486 9679.94776087786 9667.066893105479 9521.871915581169 9499.251574249423 9499.251574249418 9499.251574249412 9474.09064429496 9474.090644294954 9474.090644294953 9474.09064429495 9461.192652056618 9461.192652056616 9461.192652056614 9445.063376786109 9445.063376786107 9444.047251093403 9444.047251093401 9444.047251093398 9421.099823063196 9413.796951687638 9413.79695168763 9406.627570653704 9406.627570653702 9406.6275706537 9387.776248968947 9386.503712474449 9386.503712474445 9386.503712474443 9384.349333948034 9384.349333948028 9381.011722047562 9381.011722047559 9381.011722047551 9381.01172204755 9381.011722047544 9381.011722047542
0.0 0.8063325881958008 1.3626184463500977 1.3869609832763672 1.438100814819336 1.5527772903442383 2.964092969894409 5.538219213485718 6.904505014419556 7.09193754196167 7.770721912384033 7.791672706604004 7.81148362159729 8.311511993408203 12.022457361221313 12.19878339767456 15.133776426315308 23.07144522666931 25.745481252670288 27.802016973495483 29.57030940055847 32.11997723579407 34.54312801361084 37.470043659210205 37.49929857254028 37.89709448814392 44.9737274646759 46.504884004592896 55.16358804702759 66.22849488258362 75.82861995697021 98.76064014434814 157.26169109344482 158.15654969215393 160.55861735343933 160.5841784477234 160.67055797576904 161.34806418418884 162.44661736488342 209.57283854484558
11892.888058614652 9684.136418010477 9684.13641801047 9676.791413305064 9673.250456427713 9622.619853588156 9622.61985358815 9609.5490968836 9609.549096883597 9581.095157828986 9526.388874470782 9526.388874470775 9519.749617660063 9510.065303713513 9463.629554882807 9463.629554882802 9445.438636696032 9411.850683141269 9403.618022355591 9403.618022355582 9403.61802235558 9389.145769946095 9389.145769946086 9389.145769946084 9388.543563299709 9385.205951399246 9385.205951399239 9385.205951399235 9382.284258542057 9382.284258542048 9382.284258542042 9376.738562821349 9376.738562821345 9376.738562821341 9376.73856282134
0.0 0.823479413986206 0.8461148738861084 0.9916987419128418 2.237359046936035 2.4001288414001465 2.424865484237671 4.5361647605896 4.5566840171813965 6.407185792922974 7.244913101196289 7.2686474323272705 10.468390941619873 12.589640140533447 13.33374834060669 13.944445371627808 21.588318586349487 21.792691946029663 24.558972358703613 24.579803943634033 28.140433073043823 32.1923508644104 33.55492091178894 34.70053482055664 36.41122245788574 43.685415506362915 44.41344094276428 47.33426332473755 63.39785671234131 63.940513372421265 75.13820099830627 165.40686321258545 165.790292263031 178.94694662094116 180.5848228931427
