10
91347.67167531836 9849.720435834804 9702.368096266699 9702.112909314454 9702.112909314452 9694.009800771482 9678.833215776925 9678.83321577692 9649.499601821823 9649.49960182182 9647.27325239932 9625.970422719822 9563.106029772334 9563.10602977233 9417.105698249556 9409.028681208296 9409.028681208294 9409.028681208287 9400.953145231315 9400.953145231308 9400.953145231299 9400.953145231297 9385.33018071077 9382.248690371824 9382.24869037182 9382.248690371818 9380.694690139273 9363.825832372391 9363.825832372384 9360.69656024819 9360.696560248183 9360.696560248181 9360.69656024818 9353.609754288 9353.609754287994 9353.609754287989 9353.517538535598 9353.517538535592 9353.517538535589 9353.517538535583
0.0 5.433722496032715 5.536295413970947 6.1407482624053955 7.151101589202881 7.23551607131958 9.229254961013794 9.342760562896729 11.55200743675232 11.950727224349976 11.978503227233887 12.244595766067505 12.553303718566895 13.09799838066101 13.391181468963623 18.540874242782593 19.699835062026978 20.641515731811523 30.086228847503662 30.635061502456665 31.29122757911682 41.927544593811035 43.10480189323425 43.27717185020447 43.573641777038574 58.67269706726074 111.74102759361267 111.76561546325684 114.69197535514832 138.71151876449585 138.73292684555054 139.03759932518005 141.63081121444702 143.02651596069336 144.80778741836548 167.54737758636475 185.81965446472168 187.00235056877136 189.25973868370056 196.22211122512817
93907.39771297615 9972.048275990355 9972.048275990235 9711.119001018493 9682.27099362546 9663.551084749277 9652.690266404878 9652.213387952723 9652.213387952714 9652.213387952712 9625.184189280455 9619.040239498918 9589.898786065673 9589.898786065665 9587.631866662387 9568.016240475154 9557.656757564584 9557.656757564582 9530.828405447266 9448.978526562403 9440.851006530587 9431.166692584036 9431.16669258403 9361.002109562165 9361.002109562163 9361.002109562161 9353.609754288003 9353.609754288 9353.609754287996 9353.609754287994 9353.609754287992 9353.609754287989
0.0 4.140125274658203 4.161121368408203 4.250680923461914 4.415194749832153 5.961274147033691 6.174463987350464 8.712104320526123 9.235372304916382 9.513510704040527 11.330126762390137 14.642184734344482 16.04355025291443 16.07676649093628 20.212265968322754 23.527786254882812 23.575060844421387 29.90951681137085 31.804821491241455 32.14076042175293 32.209827184677124 34.65979480743408 35.02113914489746 37.02442955970764 39.00523328781128 39.86951804161072 71.51858639717102 73.62486505508423 78.04184865951538 79.35147023200989 100.8956069946289 203.019428730011
94200.41747886859 10330.990381042502 10069.999724666437 9849.629774692641 9790.394494244287 9782.526905910045 9780.443961653356 9668.185264479294 9603.954468810138 9571.921956497294 9571.921956497286 9571.921956497285 9482.646122698696 9482.646122698694 9482.64612269869 9459.698694668501 9459.6986946685 9459.698694668492 9456.777001811315 9456.777001811299 9451.231306090609 9451.2313060906 9397.574778741378 9397.574778741377 9397.574778741371 9383.15038635758 9383.150386357578 9383.150386357576 9383.150386357573 9383.150386357569 9376.738562821347 9376.646347068941 9376.646347068938 9376.646347068932 9376.64634706893
0.0 4.911209583282471 5.298259019851685 5.4760167598724365 6.133167743682861 6.285640239715576 7.256818771362305 9.465649843215942 9.972510576248169 10.26023554801941 10.295865774154663 11.911997318267822 12.480562925338745 12.985940933227539 13.056350708007812 13.634207725524902 13.651901960372925 13.673348903656006 18.009695768356323 18.987347841262817 26.360580682754517 26.382709980010986 27.695470571517944 31.149128675460815 35.19342827796936 35.61621141433716 39.10601210594177 44.44700384140015 50.580535888671875 89.56602668762207 92.65006732940674 95.25341892242432 103.72982621192932 105.32372522354126 160.17079305648804
88727.43793323536 9847.613520404768 9749.815256229707 9643.42566500875 9643.425665008746 9643.262554771069 9640.238266465745 9630.705197030056 9628.952990785192 9617.431218678517 9617.431218678506 9617.431218678505 9614.509525821322 9614.509525821317 9614.509525821315 9596.2227818238 9596.222781823788 9507.8360410889 9426.400754233087 9426.40075423308 9426.400754233071 9412.197170845373 9410.434008105092 9395.9617556956 9395.961755695596 9395.961755695587 9392.624143795121 9392.62414379512 9392.624143795118 9388.376455618385 9388.376455618381 9388.37645561838 9388.376455618372 9388.37645561837 9385.4547627612 9385.454762761186 9385.454762761185 9382.28425854206 9382.284258542059 9382.284258542055 9382.284258542048 9376.738562821347 9376.738562821345 9376.738562821341 9376.738562821338
0.0 5.549679756164551 6.1911094188690186 6.622530937194824 6.645360946655273 6.868570804595947 10.089193105697632 10.744081258773804 13.53376317024231 13.564694166183472 13.625096797943115 13.75786805152893 15.285705327987671 15.444395780563354 15.498332500457764 16.708251953125 16.733453512191772 17.0866961479187 18.483299732208252 20.180060625076294 20.50924324989319 25.84985089302063 26.980002403259277 27.776795625686646 28.483293294906616 30.50465750694275 30.623251914978027 38.16092658042908 58.97271394729614 62.21098852157593 62.25000739097595 63.059613943099976 65.65885210037231 83.17000555992126 90.2719316482544 90.3009922504425 92.11095309257507 95.4456856250763 96.72527813911438 97.65655755996704 99.78530526161194 166.32889699935913 172.03023862838745 185.81988406181335 214.60026288032532
90321.41877542176 9976.315485450034 9882.508417282712 9814.178762734384 9718.241590257534 9709.799669269889 9617.228946779913 9590.594475922833 9590.59447592283 9518.774417468176 9518.774417468168 9518.127267746362 9518.127267746348 9518.127267746346 9433.853431187188 9431.627147838202 9426.248121602986 9426.24812160298 9401.155509419474 9398.073475984498 9398.07347598449 9398.073475984489 9398.073475984487 9364.561912863155 9356.73902641221 9353.609754288007 9353.609754288002 9353.609754287998 9353.609754287994 9353.609754287985
0.0 3.1127090454101562 3.2669425010681152 3.469074010848999 4.462901830673218 5.117624521255493 6.543421030044556 8.490280628204346 8.524725198745728 10.992451667785645 11.278493165969849 12.17857027053833 12.23160696029663 14.537696123123169 16.309361934661865 19.155273914337158 19.621277570724487 20.445061206817627 20.819761991500854 21.034359216690063 21.440411806106567 22.687541007995605 22.70796275138855 24.420841693878174 24.702645540237427 35.81433081626892 36.02851986885071 38.52699685096741 46.26603364944458 103.38838720321655
96025.45290746394 11050.913778239747 10208.184367551137 9952.81435573957 9746.471827353398 9746.47182735339 9746.471827353385 9736.363968990787 9657.042540147904 9657.042540147891 9642.224142377172 9642.22414237717 9589.913442096486 9573.983813268922 9573.983813268918 9559.172520319918 9558.413453251105 9497.664726827932 9497.66472682793 9494.535454703733 9494.535454703724 9435.598109041795 9435.59810904179 9435.598109041788 9363.77805058712 9356.69124462695 9356.691244626943 9356.691244626942 9356.691244626936 9353.609754288002 9353.609754287998 9353.60975428799 9353.609754287983 9353.51753853559 9353.517538535589
0.0 2.8412976264953613 3.299804449081421 3.745640277862549 3.9919190406799316 4.020162105560303 4.559666872024536 4.746912002563477 4.8592448234558105 5.374777317047119 6.812328815460205 7.116768836975098 7.84989857673645 8.02200698852539 8.043483257293701 8.181963205337524 8.310471773147583 8.355455875396729 8.37749719619751 11.203427076339722 11.226654291152954 12.090202569961548 12.715263605117798 16.91580295562744 18.135026216506958 22.573037147521973 23.399850606918335 33.81789541244507 34.39615535736084 133.94487166404724 138.4383828639984 147.6335904598236 172.7127845287323 286.53857946395874 293.2167990207672
92099.00708480719 10093.541362562473 9821.401658717195 9760.739148854029 9760.739148854023 9586.654390985022 9586.65439098502 9531.950474819663 9497.711004668143 9482.650392733927 9478.732851467223 9477.655839812138 9473.679891837286 9460.809277567087 9450.604080053205 9419.56630190165 9415.414024148424 9415.414024148417 9415.414024148415 9415.414024148407 9390.85017071247 9387.768680373534 9384.973630646271 9360.696560248174 9353.609754288 9353.609754287998 9353.609754287996 9353.609754287994 9353.609754287992 9353.60975428799 9353.609754287989 9353.609754287983
0.0 4.568724632263184 5.106823682785034 5.3761866092681885 5.395031452178955 6.961943864822388 7.108757019042969 7.81178617477417 7.857969284057617 7.907463312149048 7.941849708557129 10.57343316078186 12.050163507461548 14.953628301620483 17.7230441570282 23.942564010620117 29.81286334991455 30.511194705963135 30.889416694641113 31.552688121795654 31.97884464263916 34.607035875320435 35.10500502586365 40.76160931587219 67.1758086681366 70.88677144050598 79.47589039802551 95.98722219467163 109.11279487609863 110.98403191566467 136.1793394088745 197.96664381027222
91247.36124174413 9665.717397933033 9620.264973356918 9599.94677002981 9585.522377645995 9549.596504777488 9544.363473492538 9544.363473492534 9542.27447410802 9542.274474108011 9540.459956118691 9474.441387272951 9460.017772263722 9454.300685103424 9454.300685103419 9447.537938925316 9447.537938925314 9442.940633378403 9442.9406333784 9442.940633378399 9442.940633378397 9431.84394919293 9431.84394919292 9431.843949192911 9379.707679414701 9379.7076794147 9379.707679414698 9379.707679414696 9379.707679414694 9379.707679414692 9379.707679414689 9372.62087345451 9356.691244626954 9356.691244626953 9356.69124462695 9356.691244626947 9356.691244626942 9356.691244626938 9353.609754288 9353.609754287996 9353.609754287992 9353.60975428799 9353.609754287987
0.0 3.380927562713623 3.8056893348693848 4.51142430305481 5.45782995223999 5.6020731925964355 16.91537308692932 17.037333488464355 17.933806896209717 19.050925970077515 21.69553852081299 22.65649938583374 25.897286653518677 27.430989027023315 29.27462863922119 30.30992031097412 31.023000478744507 32.68484950065613 34.85847187042236 42.92513942718506 47.27708292007446 57.716328382492065 58.95831799507141 59.33369469642639 63.204198598861694 63.786213874816895 63.935277462005615 64.46825003623962 66.97576260566711 70.6811728477478 71.17405271530151 80.91833281517029 86.25114059448242 86.29595947265625 86.64332222938538 86.83950543403625 86.8784716129303 105.63520503044128 118.04716849327087 120.37963271141052 137.24283003807068 186.8371889591217 287.8777537345886
95980.84950222293 9866.571972566315 9866.571972566013 9850.642343738444 9801.774132748398 9801.774132748396 9728.380897457815 9696.572128801336 9603.221627757297 9584.798769757866 9584.798769757861 9564.499020663561 9527.551432665929 9523.879432434978 9523.87943243497 9498.883260532333 9378.982213258563 9378.335063536759 9378.335063536751 9372.67070032383 9372.670700323828 9372.670700323823 9366.90602650943 9366.906026509421 9366.906026509416 9366.906026509412 9366.906026509409 9353.609754288 9353.609754287994 9353.609754287989 9353.5175385356 9353.517538535596 9353.517538535594 9353.517538535585
0.0 4.958837270736694 6.42445969581604 6.459343194961548 6.944339752197266 6.970828533172607 7.34909987449646 7.945315361022949 8.39183259010315 9.242658376693726 9.26497483253479 10.511624574661255 10.608230352401733 11.042382001876831 12.053672075271606 13.033082962036133 13.383723258972168 26.796916961669922 26.819722890853882 29.862035274505615 32.367860078811646 34.93044137954712 39.477384090423584 40.47383141517639 41.32223320007324 41.892016887664795 48.81390428543091 69.25677537918091 71.75680947303772 76.61770391464233 159.02051305770874 159.9111692905426 160.3007664680481 163.8442347049713
92711.9795395697 10061.222915503484 9832.65331000432 9832.653310004313 9826.069871432579 9794.263758735879 9745.122173644535 9745.122173644533 9694.774852927552 9678.409826981811 9674.013767129663 9671.577736295203 9671.313499465594 9639.271051091526 9633.642850785802 9550.21954172656 9548.539311193823 9483.819950708952 9477.36004948412 9477.360049484108 9477.360049484107 9449.214511157867 9449.214511157863 9430.712500565991 9430.712500565985 9430.712500565982 9430.71250056598 9430.712500565976 9426.115195019074 9426.115195019069 9426.115195019065 9421.338716435239 9409.614908928692 9409.614908928688 9409.614908928686 9409.614908928683 9366.655675388121 9359.486294354194 9356.40480401525 9356.404804015248 9356.404804015247 9356.404804015245 9353.609754287996 9353.609754287994 9353.609754287989
0.0 5.478451490402222 5.5574705600738525 5.658734083175659 5.939975738525391 7.056417226791382 7.251595497131348 8.016951084136963 8.139171361923218 8.732169389724731 8.774041175842285 9.521838903427124 9.587333917617798 10.158537149429321 10.49358582496643 13.254361629486084 15.273153066635132 16.78351354598999 16.873209238052368 16.895697832107544 17.384212970733643 17.970316171646118 19.128610610961914 19.71998953819275 19.74422812461853 20.20418405532837 28.291547298431396 33.24450731277466 61.435070753097534 61.74475836753845 63.43761444091797 71.71143674850464 78.36092019081116 78.78495764732361 78.85772132873535 79.33171939849854 82.4461190700531 87.251305103302 95.65354299545288 96.29639029502869 98.71487665176392 116.3596453666687 119.93161678314209 125.8728346824646 131.37397956848145
