10
1642453.0716162173 83888.20266321092 83605.09370721673 83091.02120460941 83009.86982562291 83006.3719353907 82955.05958891455 82448.54325363136 82390.29166826166 82318.37309918633 82318.37309918617 82040.02675870473 81958.88135677425 81722.02889463524 81722.02889463522 81539.14450793657 81539.14450793655 81526.0574638795 81526.05746387936 81447.96439921798 81447.96439921793 81394.43149974495 81394.43149974493 81339.01969861251 81339.0196986125 81339.01969861248 81325.30418622185 81120.68437205855 80820.352731119 80817.09561479255 80817.09561479246
0.0 84.61653447151184 84.8822774887085 88.94758343696594 92.97744154930115 96.2641429901123 108.26860570907593 122.12924265861511 136.6722230911255 138.04788899421692 141.06589245796204 178.40579652786255 183.61931490898132 195.68091940879822 197.7220687866211 207.8100745677948 207.90547466278076 214.6922266483307 219.98136734962463 292.43917894363403 302.4260904788971 306.29843068122864 314.1727771759033 334.4955494403839 334.59703302383423 368.2353308200836 373.9444441795349 378.98997688293457 517.7530794143677 532.8421218395233 548.5790796279907
1594906.6832569623 83784.80528940966 82824.77390816742 82654.10643098655 82531.58078696676 82466.95458296346 82315.28713661339 82268.00393688015 82208.44171841379 82184.10946266093 82184.10946266085 82044.77750656832 82044.77750656825 81702.8783811121 81673.15247342142 81567.3608233889 81567.36082338885 81462.27835595084 81242.89845612802 81165.15621955902 81059.3713851178 81059.37138511779 81019.26075440252 81019.26075440238 80857.34679549072 80857.34679549071 80851.51322317708 80851.51322317701 80796.0491495927 80694.92736007043 80694.92736007042 80628.71813753848 80559.09031508808 80559.09031508802 80532.80451720115 80532.804517201 80532.80451720099
0.0 88.7952938079834 99.96196150779724 104.4829671382904 117.62594103813171 125.45208096504211 148.51400899887085 182.15124034881592 183.01771807670593 214.2790505886078 232.262948513031 268.2524080276489 271.5006613731384 286.14726066589355 294.50689911842346 302.66021275520325 320.9462399482727 382.946172952652 390.87856006622314 402.46273827552795 404.85499024391174 439.67423963546753 496.2183859348297 497.7556722164154 498.7313871383667 510.27231216430664 520.0299713611603 526.0545225143433 548.5261709690094 558.4474122524261 560.8051822185516 573.5084810256958 577.6571929454803 579.1244812011719 592.465341091156 592.567734003067 595.2958905696869
1651252.0589413114 82965.60060363282 82889.87459335949 82502.58474394675 82502.58474394665 82461.76112535538 82310.61602919694 82037.28419369008 81976.80930391989 81930.37467218656 81930.37467218642 81654.76581131683 81565.85864204848 81385.72034205914 81366.57860196421 81342.03980505823 81342.03980505804 81315.37804013655 81241.1073569729 81086.43308752285 81086.43308752273 80662.51377123992 80543.73011353472 80543.73011353468 80543.73011353466 80521.76795429196 80521.76795429192 80520.66290875517 80430.3674774352
0.0 146.37600231170654 150.5116672515869 153.44588255882263 153.57421731948853 155.78251338005066 170.2597963809967 174.97780513763428 185.0434627532959 215.89230370521545 223.9695589542389 240.84619975090027 285.8700692653656 326.93765020370483 331.6853361129761 335.7838318347931 335.88676285743713 376.31783843040466 378.12011981010437 401.73989963531494 412.0642809867859 427.0994915962219 451.08303904533386 496.03533029556274 496.7474732398987 497.64287090301514 548.9145412445068 556.3041453361511 588.4252979755402
1629026.6693271343 83542.18403447844 83540.3196360181 83274.02991201181 83041.80911200102 82652.01043654757 82652.01043654756 82652.01043654745 82623.98265365054 82457.20976375582 82362.39456292138 82060.5997421152 82052.45208330419 81838.95643147097 81838.95643147096 81838.95643147088 81838.95643147083 81632.56864289062 81485.77353169334 81485.77353169332 81485.7735316933 81259.15025355952 81259.1502535594 81108.63221842123 81108.63221842115 81108.63221842112 81088.14036146796 81064.9095539025 81047.5702036779
0.0 141.21448969841003 142.97157740592957 144.98589968681335 158.23669004440308 163.3025290966034 163.40859746932983 165.62163400650024 170.8821985721588 176.43980956077576 189.49223971366882 205.06803488731384 206.92752623558044 216.8308367729187 224.68761563301086 228.68246006965637 232.48552584648132 253.40213418006897 260.0329432487488 281.8523106575012 317.90859150886536 325.41171741485596 335.7500944137573 356.7977352142334 358.50570154190063 430.55607080459595 481.34436535835266 518.216700553894 561.4370293617249
1621849.0440440003 84756.58628521646 84507.34274615135 84420.33362185437 84302.76865501035 83676.49001304003 83676.49001303999 83676.49001303998 83440.4210991495 83126.61741068219 83030.13418328157 83024.78248352645 82771.80176363753 82771.8017636375 82771.80176363747 82714.89240377549 82560.41280813956 82560.41280813944 82246.43953103595 81404.50107048466 81368.16448974024 81368.16448974021 81319.98055300818 81182.03062297309 81101.43620404133 81020.65674346207 80751.48080546786 80611.65853523808 80611.65853523804 80611.658535238
0.0 90.88147926330566 93.85504055023193 94.42992234230042 96.83430552482605 99.79651618003845 112.45694637298584 114.71931385993958 121.03174233436584 122.0890302658081 125.96306228637695 128.64851474761963 143.40202498435974 143.50356149673462 156.25666737556458 172.55274844169617 173.6005392074585 180.30778431892395 196.90314173698425 199.16249227523804 209.1986949443817 217.29154515266418 257.4116644859314 257.6524419784546 267.8221204280853 285.5434420108795 430.5860779285431 496.33454036712646 533.8989853858948 551.1371440887451
1650103.2486895663 83305.58879258236 83294.56727562583 83121.5589381046 83049.55473169316 82982.0499689708 82492.63210938725 82407.46638631153 82302.48805398402 82159.17548049074 81944.73940997693 81762.48605885198 81665.9553232449 81665.95532324488 81633.66842934572 81633.6684293457 81633.66842934566 81633.66842934565 81563.30475883046 81563.30475883045 81563.30475883043 81528.51781345918 81528.51781345905 81479.1164205256 81457.42299770395 81306.8133359875 81191.3246346186 81176.2499801302 81148.24359194285 81148.24359194284
0.0 101.47357106208801 107.59911036491394 118.13280320167542 118.87960386276245 121.25082635879517 128.39076614379883 132.7104046344757 144.54345417022705 160.26172924041748 163.6823000907898 192.08299088478088 195.3743109703064 209.9559519290924 245.2168047428131 278.1051552295685 344.37618589401245 345.37555170059204 353.86335039138794 377.1317880153656 465.41939544677734 477.674147605896 477.77302646636963 489.2760560512543 524.9140403270721 525.0212700366974 529.7142720222473 534.4838182926178 550.0284039974213 590.1351807117462
1582188.622861496 81768.34471407862 81514.55985628688 81497.62598293995 81447.65786753505 81447.65786753502 81439.62303760657 81343.54401385914 81300.81526999586 81300.81526999582 81297.6141082144 81297.61410821439 81297.61410821437 81234.49208960899 81116.78047271675 80993.19864218449 80877.03267825884 80877.03267825881 80834.87085711499 80834.87085711498 80834.87085711496 80810.84174277411 80747.35583356064 80747.35583356059 80747.3558335605
0.0 133.82034158706665 174.90007209777832 184.0380790233612 192.4133415222168 206.1662929058075 225.1083447933197 230.69145727157593 234.7205798625946 251.9333312511444 282.2245991230011 283.81991314888 288.86112546920776 372.7018930912018 379.60249042510986 388.51984095573425 404.97504782676697 413.6345212459564 432.54875111579895 435.19043016433716 437.739901304245 506.9935894012451 530.0606269836426 545.1190388202667 563.356449842453
1652933.4516897958 83063.0705481435 82874.84206706108 81883.2015334361 81883.201533436 81883.20153343596 81647.06956619452 81600.94545001183 81600.94545001167 81600.94545001166 81540.84076748029 81540.84076748023 81540.8407674802 81357.5049737213 81331.14238972988 81261.05142208202 81261.05142208189 81230.23925202525 81230.23925202519 81024.6978437925 80982.6950596928 80957.06614778726 80925.88842934144 80919.2143929147
0.0 75.1709794998169 77.95150399208069 82.86467599868774 82.96932101249695 84.7162492275238 97.96455931663513 114.44961309432983 114.54946875572205 130.61157965660095 167.82468008995056 172.35707664489746 187.06159353256226 272.1636188030243 274.85925579071045 292.4369659423828 295.2631516456604 297.92850852012634 331.79284048080444 344.0947036743164 390.17361545562744 393.37481355667114 434.63456630706787 505.3304092884064
1648430.6388014925 83446.06004327671 82530.64019097856 82145.89666247876 82122.51298516123 82052.64246522778 81954.55830921882 81954.5583092187 81450.10134782818 81383.2029619057 81383.20296190567 81383.20296190563 81371.21780674373 81371.21780674368 81157.338191278 81088.7418287331 81088.74182873305 81018.49256477882 80958.27786464765 80904.35827062788 80904.35827062782 80904.35827062775 80797.63956809849 80780.51399646532 80780.51399646522 80779.84675412552 80766.86587701824 80695.3054726441 80695.30547264408
0.0 125.44746661186218 132.75802087783813 134.05321550369263 138.33401036262512 153.19774055480957 155.24867129325867 155.34854531288147 174.37739157676697 180.77598690986633 218.96682858467102 255.2523443698883 255.97902584075928 261.3064601421356 286.1711778640747 329.30405592918396 341.0699269771576 372.58693194389343 388.371750831604 393.6788341999054 398.0142946243286 398.11301136016846 400.6299374103546 439.4367997646332 443.99143505096436 491.2568953037262 508.92293405532837 509.70133662223816 563.048015832901
1580678.5573663039 83822.31383478781 83444.26201822315 83287.79461746383 83124.64765867023 83084.92550972983 83084.92550972977 82699.39735326436 82508.10469221095 82394.40670342789 82380.02760283927 82344.69521323295 81995.23552862805 81643.85240006607 81555.73832669493 81517.0760648978 81517.07606489779 81464.40927696206 81464.40927696187 81302.97937932838 81302.97937932835 81258.76372083786 81145.97310915246 80868.59654467418 80868.59654467415
0.0 117.123939037323 122.78183317184448 131.46202564239502 136.14708042144775 141.88433265686035 162.83682584762573 165.10638809204102 176.69165229797363 201.40675616264343 203.08394980430603 208.16426181793213 213.77859497070312 214.5615315437317 242.6113522052765 245.23324871063232 250.95358514785767 267.66088223457336 267.76465606689453 292.75455045700073 310.5181894302368 315.015988111496 407.0111393928528 478.7315146923065 501.99892139434814
