10
102594.35793052983 82622.32636734248 82400.81923536974 82303.5358100995 82303.53581009948 82192.86559157282 82192.86559157277 81951.23266399343 81902.8503561137 81902.85035611363 81902.85035611362 81821.53888714932 81821.53888714929 81577.94829082035 81506.0297217451 81461.76144364983 81442.507419956 81277.2036970126 81153.12537465141 81153.12537465138 81117.48070150029 81117.4807015002 81057.81802664427 80829.65618438757 80829.6561843875 80829.65618438744 80815.69454051464 80815.6945405146 80815.69454051458 80809.84444291325 80809.84444291319 80809.84444291315 80793.41194525202 80793.41194525195 80745.34480024826 80733.72230499538 80733.72230499532 80686.91303336111 80686.91303336108
0.0 11.895963907241821 16.796185970306396 19.318918704986572 34.2059223651886 45.9162859916687 46.01681852340698 50.46553993225098 53.95199942588806 58.952089071273804 59.0573148727417 83.82170844078064 92.5520510673523 96.33286309242249 104.8425543308258 119.48632979393005 159.6351191997528 165.83902430534363 195.30245423316956 197.1535940170288 208.96595406532288 210.98796010017395 301.5503001213074 302.6982114315033 304.51319098472595 307.3222191333771 315.85592222213745 352.245126247406 419.5652768611908 428.90094327926636 428.9992175102234 443.70319151878357 443.8070878982544 463.2909023761749 492.13191175460815 526.1102340221405 535.8761620521545 536.2760500907898 547.6302516460419
102594.35793052983 82622.32636734248 82514.26029761539 81471.53124853723 81267.9848638853 81147.20055561006 81127.20131506481 81127.20131506475 81127.2013150647 81121.1611521903 81118.19208971731 81111.31793979746 81111.31793979737 80998.79973027357 80998.79973027347 80842.6171070997 80842.61710709968 80837.98881292202 80829.84275897803 80829.84275897797 80673.40913948078 80673.40913948075 80664.42786278696 80664.42786278689 80592.13956855064 80592.1395685506 80532.89490389562 80526.64288455427
0.0 11.850141048431396 15.752671003341675 20.294329404830933 23.357178449630737 24.55635976791382 45.496095418930054 49.48343896865845 81.99166822433472 112.8390941619873 113.00297665596008 151.09967041015625 159.5495982170105 173.4078459739685 173.5082724094391 174.54111099243164 182.86170649528503 198.99236178398132 209.41510605812073 254.13403725624084 286.63722586631775 286.7358133792877 301.32877707481384 304.34313201904297 374.29447174072266 374.59849190711975 382.0919568538666 519.5248773097992
102594.35793052983 82622.32636734248 82342.83413242128 81959.22901292206 81959.22901292192 81906.35945703645 81792.538193768 81757.97894112975 81473.04848430444 81368.81205987798 81363.33658590818 81117.33474445484 81117.33474445475 81117.3347444547 80856.18172714063 80856.18172714059 80856.18172714057 80823.00089382427 80766.06825527344 80757.78539293293 80757.78539293288 80757.78539293287 80678.27880107146 80677.05680138024 80677.05680138021 80677.0568013802 80677.0568013801 80608.5487397833 80608.5487397832 80608.54873978316 80551.7502192139 80551.75021921386 80533.53422300261
0.0 11.881862878799438 15.94640064239502 24.77339220046997 24.879533767700195 25.162219047546387 50.66450643539429 68.65477204322815 75.58839654922485 86.85047841072083 107.04511165618896 109.99750566482544 117.51521849632263 124.57713532447815 162.9552628993988 163.055401802063 166.00225353240967 171.0168604850769 182.39624691009521 185.38289141654968 217.26040649414062 321.0273585319519 338.6961090564728 451.9509963989258 456.9625201225281 457.15849900245667 458.001736164093 492.80781078338623 500.43252515792847 506.03492069244385 552.1573474407196 552.2629392147064 570.6299452781677
102594.35793052983 82622.32636734248 82246.14360738093 82246.14360738084 82064.02309415417 81794.02805876323 81391.0761048423 81391.07610484229 81391.07610484227 81266.66160106003 81265.27759107962 81090.95210266918 81090.95210266909 81090.95210266908 81090.95210266906 81015.53659309902 81009.30708094181 81009.3070809417 81009.30708094167 80868.14759315141 80710.54689717041 80616.00835629478 80583.28418132673 80504.37104988456 80431.22699006 80431.22699005992
0.0 11.855462074279785 20.40339183807373 20.503835439682007 29.816307306289673 34.63880944252014 42.70311617851257 49.633347511291504 69.94539713859558 74.45770263671875 96.56960558891296 113.45784592628479 113.55953669548035 113.65842962265015 134.10438299179077 170.1102991104126 235.5933232307434 235.69507908821106 244.69603657722473 257.3156912326813 298.54840183258057 507.3871428966522 533.0437517166138 559.1070625782013 581.1775374412537 581.2764086723328
102594.35793052983 82622.32636734248 82594.41699492329 82060.09867847135 81659.77899116525 81659.77899116519 81371.58035503283 81191.1285843248 81087.41424494518 81059.93014423136 81049.67497000268 81049.67497000255 81004.88257211963 81004.88257211958 80935.98173216931 80916.587223846 80774.8134058877 80741.86164886437 80741.8616488643 80741.86164886429 80741.86164886427 80741.86164886426 80741.35562626173 80741.35562626163
0.0 11.79788875579834 15.294227838516235 18.204946041107178 26.042073011398315 38.65143179893494 58.03372097015381 67.63026475906372 76.31284928321838 85.97627520561218 96.0308473110199 96.86817598342896 135.82478761672974 149.0470519065857 178.69609713554382 179.68170428276062 218.11130452156067 264.54606676101685 264.64612913131714 278.2183265686035 309.46584820747375 397.832510471344 542.6384227275848 552.3226959705353
102594.35793052983 82622.32636734248 82141.05481972966 82141.05481972962 81501.11466779727 81256.27960990518 81146.75883311545 81100.07871373891 81021.7851133371 80986.71408007941 80986.71408007928 80842.4826596121 80842.48265961201 80792.204962273 80792.20496227295 80741.45037641958 80741.45037641957 80741.45037641954 80741.4503764195 80741.45037641947
0.0 11.77417516708374 13.987990379333496 28.236515283584595 56.3603298664093 72.86131644248962 75.58236384391785 155.57471799850464 162.49272274971008 282.6285684108734 302.1040835380554 324.6198699474335 330.31403970718384 361.46414589881897 367.7716283798218 398.57855772972107 404.14386653900146 412.33408999443054 499.638952255249 577.5146827697754
102594.35793052983 82622.32636734248 82329.91444414211 81639.82257450985 81639.82257450982 81552.5930257642 81552.59302576417 81404.64626816957 81086.27269195425 81086.27269195423 81047.52336430238 80997.45333247856 80955.3825952287 80955.38259522861 80934.26579872983 80934.26579872974 80695.4822055635 80580.33820507616 80580.3382050761 80580.33820507606 80496.92239369114 80496.92239369113 80496.92239369107 80391.63450704115 80391.63450704112 80391.6345070411 80391.63450704108 80391.63450704106 80391.63450704105 80314.5661797795 80314.56617977939
0.0 11.836419343948364 13.779291868209839 17.455044269561768 27.806991815567017 28.57772183418274 50.1081178188324 65.40811228752136 67.78970885276794 88.82296991348267 123.44136166572571 136.58193612098694 138.39529037475586 138.4952850341797 239.17700290679932 259.9602873325348 282.88308238983154 333.60580611228943 345.4374270439148 345.53300619125366 361.5424633026123 377.2346291542053 389.8386619091034 432.5794994831085 440.78642106056213 445.34268069267273 471.07900643348694 514.7840840816498 572.6512250900269 592.0904452800751 592.5838551521301
102594.35793052983 82622.32636734248 82246.14360738093 82175.53214485726 81869.95565167259 81538.28065574126 81496.97891383874 81496.97891383873 81401.50629771929 81401.50629771921 81401.50629771914 81401.50629771913 81362.24751564827 81353.62160636985 81353.62160636981 81353.62160636974 81270.35464136656 81224.6004871224 81216.24663932255 81216.24663932252 80982.04458130694 80948.80549633574 80948.80549633571 80946.07073120614 80946.07073120607 80946.07073120605 80939.80316170039 80939.80316170033 80876.86063565892 80876.86063565886 80876.86063565883 80874.4639940454 80864.44640545908 80864.44640545899 80812.25046351418
0.0 11.820889711380005 18.410651206970215 18.690122604370117 21.637386798858643 34.16286110877991 45.26596999168396 67.59564638137817 79.70527052879333 82.58765864372253 102.31676077842712 116.30842614173889 179.55479311943054 180.57612919807434 193.49676036834717 201.1944398880005 203.30243372917175 247.34815955162048 267.7203097343445 267.824095249176 272.017808675766 284.0905134677887 312.5107982158661 322.00111532211304 322.0993847846985 336.9171552658081 400.64753556251526 409.0297462940216 455.82120990753174 477.75272011756897 517.3375425338745 551.5665378570557 577.4204480648041 579.5591683387756 590.9513499736786
102594.35793052983 82622.32636734248 82622.32636734245 82464.47900706432 82076.61496969206 81681.71039452602 81681.71039452599 81658.20520174905 81545.00869968817 81545.00869968814 81545.00869968813 81545.008699688 81442.58557076915 81339.37241745193 81339.37241745187 81237.87383431727 81202.11302497382 80972.37071042707 80936.96191452965 80936.96191452963 80936.96191452954 80936.96191452953 80936.96191452951 80843.54761768962 80831.52703772303 80831.52703772293 80831.52703772292 80761.44409660756 80761.44409660755 80751.12338250907 80723.98487034743 80655.9157522404 80643.853393058 80472.90149146257 80472.90149146256 80472.90149146253 80472.9014914625 80472.90149146246 80455.10245114802 80455.10245114798
0.0 11.772636890411377 19.317771196365356 21.428974151611328 26.286696910858154 29.141972303390503 31.384416341781616 48.73431086540222 81.15107369422913 87.87220907211304 87.97005438804626 88.07362198829651 112.74050617218018 116.47799754142761 116.67353343963623 127.9784574508667 134.70056295394897 136.64240670204163 139.09968256950378 139.1990156173706 152.56545901298523 164.869202375412 213.7012963294983 233.7205891609192 280.804634809494 308.1969039440155 352.8531551361084 388.1506721973419 388.2480893135071 389.5366225242615 390.81250643730164 392.0684895515442 420.1963212490082 443.2651598453522 475.75015592575073 475.9468665122986 482.73180103302 483.44122195243835 492.0657653808594 492.1664791107178
102594.35793052983 82622.32636734248 82406.62338736592 82390.68138559401 82127.0208019928 82127.02080199271 81993.05537584002 81993.05537583993 81993.05537583992 81914.32252874033 81811.71441853036 81702.1379284574 81702.13792845738 81668.44576261891 81668.4457626188 81588.20626107432 81451.80437926293 81451.80437926283 81398.91941959334 81398.9194195933 81359.06392023963 81359.06392023951 81349.80298679862 81287.23201635774 81287.23201635771 81287.2320163577 81282.72482746046 81238.73957062066 80985.30711495031 80985.30711495016 80952.7908000059 80952.79080000585 80952.79080000575 80907.36468163192 80907.36468163185 80904.96804001856 80904.96804001852 80895.11225123543
0.0 11.75592589378357 12.575755596160889 26.048969984054565 30.033138513565063 30.133055925369263 34.67628192901611 45.45358920097351 48.19691467285156 57.711158990859985 72.01317286491394 90.3184905052185 98.50255417823792 99.48320984840393 99.59012484550476 100.3763473033905 181.07848596572876 232.7051498889923 242.24912309646606 253.4368290901184 254.69093132019043 264.742538690567 330.487167596817 335.2877802848816 335.38691782951355 348.9108979701996 384.7320861816406 391.5902247428894 402.8674440383911 402.9709496498108 441.10520696640015 441.2086594104767 465.5941860675812 485.3502116203308 496.51558804512024 570.677188873291 575.6345498561859 599.5649890899658
